m0.npz: 2.3032633371842213, 10.727163461538462 
m1.npz: 2.302711641177153, 10.116185897435898 
m2.npz: 2.2567480909518705, 20.262419871794872 
m3.npz: 2.1517701821449475, 34.71554487179487 
m4.npz: 2.075772204842323, 40.915464743589745 
m5.npz: 2.0634270986685386, 40.725160256410255 
m6.npz: 2.035781210049605, 41.46634615384615 
m7.npz: 2.035642630014664, 38.62179487179487 
m8.npz: 2.0382108841186914, 37.30969551282051 
m9.npz: 1.9898881014340963, 42.477964743589745 
m10.npz: 1.9591028140141413, 43.649839743589745 
m11.npz: 1.9589455009270937, 44.83173076923077 
m12.npz: 1.9774886549283297, 44.53125 
m13.npz: 1.9673918107381234, 45.88341346153846 
m14.npz: 1.9743953450368001, 43.55969551282051 
m15.npz: 1.9174393193844037, 46.96514423076923 
m16.npz: 1.9605983006648529, 45.64302884615385 
m17.npz: 1.9518859455218682, 45.93349358974359 
m18.npz: 1.9418909866840413, 45.13221153846154 
m19.npz: 1.9505436668793361, 46.764823717948715 
m20.npz: 1.928305249183606, 47.345753205128204 
m21.npz: 1.9451735497285159, 46.54447115384615 
m22.npz: 1.9481103798517814, 46.173878205128204 
m23.npz: 1.958299893217209, 45.90344551282051 
m24.npz: 1.9248015108780983, 47.43589743589744 
m25.npz: 1.916113590582823, 47.165464743589745 
m26.npz: 1.916115716099739, 47.25560897435897 
m27.npz: 1.9077775394305205, 47.88661858974359 
m28.npz: 1.911106676627428, 48.59775641025641 
m29.npz: 1.8945007007091472, 47.556089743589745 
m30.npz: 1.875854723346539, 48.7880608974359 
