m0.pt: 4.60844353834788, 1.1618589743589745 
m1.pt: 4.1986187757589875, 21.123798076923077 
m2.pt: 3.07305017266518, 28.806089743589745 
m3.pt: 2.608236304842509, 33.54366987179487 
