m0.pt: 2.3057297735642166, 9.955929487179487 
m1.pt: 1.6966564643841524, 59.07451923076923 
m2.pt: 1.1892884003046231, 70.48277243589743 
m3.pt: 1.0776123138956535, 73.58774038461539 
m4.pt: 1.0444034188985825, 75.5108173076923 
m5.pt: 1.1323847165092444, 76.42227564102564 
m6.pt: 1.1279219310635176, 77.80448717948718 
m7.pt: 1.1146955241759617, 78.6358173076923 
m8.pt: 1.0697993009518354, 79.3369391025641 
m9.pt: 1.0738760122121909, 79.88782051282051 
m10.pt: 1.067440910026049, 80.39863782051282 
m11.pt: 0.9799099952364579, 81.02964743589743 
m12.pt: 0.9836792156864436, 81.1698717948718 
m13.pt: 1.03694241360212, 80.98958333333333 
m14.pt: 0.9541311199084307, 81.5204326923077 
m15.pt: 1.0214301685874279, 81.14983974358974 
m16.pt: 1.016326371866923, 81.32011217948718 
m17.pt: 1.066086816482055, 81.27003205128206 
m18.pt: 1.0076815640697112, 81.73076923076923 
m19.pt: 1.0102818071460113, 81.9110576923077 
m20.pt: 0.9608184387668585, 81.65064102564102 
m21.pt: 0.9740845310764435, 81.96113782051282 
m22.pt: 0.9693940121393937, 82.41185897435898 
m23.pt: 0.9731619839484875, 81.94110576923077 
m24.pt: 1.0228277377975292, 82.29166666666667 
m25.pt: 1.0309777254095445, 82.03125 
m26.pt: 1.0048796012997627, 82.31169871794872 
m27.pt: 0.888418989112744, 82.7323717948718 
m28.pt: 0.9208364054942743, 82.76241987179488 
m29.pt: 0.908093908849435, 82.79246794871794 
m30.pt: 0.9170935711799524, 82.91266025641026 
m31.pt: 0.8954575468714421, 82.61217948717949 
m32.pt: 0.8339307869856174, 82.97275641025641 
m33.pt: 0.8478510297643833, 82.66225961538461 
m34.pt: 0.757196689549929, 83.34334935897436 
m35.pt: 0.7767467418542275, 83.2431891025641 
m36.pt: 0.7804620533417432, 83.05288461538461 
m37.pt: 0.7474562673805616, 83.36338141025641 
m38.pt: 0.7710200839508803, 83.48357371794872 
m39.pt: 0.7681459750120456, 83.36338141025641 
m40.pt: 0.6900669420376803, 83.6738782051282 
m41.pt: 0.6441966542639793, 84.0645032051282 
m42.pt: 0.6731611812152923, 84.15464743589743 
m43.pt: 0.6722605269497786, 84.08453525641026 
m44.pt: 0.6615909016094147, 84.19471153846153 
m45.pt: 0.684670814145834, 83.95432692307692 
m46.pt: 0.6202632679771154, 83.99439102564102 
m47.pt: 0.6139631090829005, 84.0244391025641 
m48.pt: 0.6380465465287367, 84.20472756410257 
m49.pt: 0.6208639560410609, 83.9042467948718 
m50.pt: 0.5650935207899564, 84.2948717948718 
