m0.npz: 2.308111344392483, 9.46514423076923 
m1.npz: 1.6878018134679549, 59.98597756410256 
m2.npz: 1.1505431578709528, 70.08213141025641 
m3.npz: 1.038220769319779, 73.87820512820512 
m4.npz: 1.0798707111523702, 75.42067307692308 
m5.npz: 1.0800136497769601, 76.96314102564102 
m6.npz: 1.060609714916119, 77.75440705128206 
m7.npz: 1.0767085489172201, 78.5556891025641 
m8.npz: 1.0482103753930483, 78.70592948717949 
m9.npz: 1.0720443731317153, 79.36698717948718 
m10.npz: 1.0547238829044194, 80.22836538461539 
m11.npz: 1.0451270836668136, 80.65905448717949 
m12.npz: 0.9593302454703894, 80.76923076923077 
m13.npz: 0.9462317209213208, 81.46033653846153 
m14.npz: 0.968821627780413, 81.36017628205128 
m15.npz: 0.9695880233477323, 81.63060897435898 
m16.npz: 1.0084426557788482, 81.3701923076923 
m17.npz: 1.0435844600582733, 81.73076923076923 
m18.npz: 1.0062187392360125, 81.83092948717949 
m19.npz: 1.0333169345290234, 81.3701923076923 
m20.npz: 1.0458536854921243, 81.46033653846153 
m21.npz: 1.0849780862530072, 80.79927884615384 
m22.npz: 0.9729917677931297, 81.81089743589743 
m23.npz: 1.0601902053906367, 81.03966346153847 
m24.npz: 1.0497118570865729, 81.3701923076923 
m25.npz: 1.0114346379653, 81.73076923076923 
m26.npz: 0.9699617740817559, 82.23157051282051 
m27.npz: 1.043954010002124, 81.88100961538461 
m28.npz: 0.9606695624116139, 82.05128205128206 
m29.npz: 0.9085114896297455, 81.82091346153847 
m30.npz: 0.9289469302464755, 81.71073717948718 
m31.npz: 0.8383559299967228, 82.47195512820512 
m32.npz: 0.8108090509970983, 82.75240384615384 
m33.npz: 0.7686825232245983, 82.82251602564102 
m34.npz: 0.7665442746992295, 83.11298076923077 
m35.npz: 0.7859409224146452, 82.5020032051282 
m36.npz: 0.711669328980721, 83.25320512820512 
m37.npz: 0.6871349542186811, 83.38341346153847 
m38.npz: 0.7090719783535371, 82.88261217948718 
m39.npz: 0.7222514816392691, 83.05288461538461 
m40.npz: 0.6657851307820051, 83.46354166666667 
m41.npz: 0.6501083879325634, 83.5536858974359 
m42.npz: 0.6409581343715007, 83.73397435897436 
m43.npz: 0.6278138310672381, 83.66386217948718 
m44.npz: 0.6498819073805442, 83.38341346153847 
m45.npz: 0.604318383985605, 83.68389423076923 
m46.npz: 0.6080631071176285, 84.27483974358974 
m47.npz: 0.6167252482129977, 83.984375 
m48.npz: 0.5998022187596712, 83.8641826923077 
m49.npz: 0.5594135012764198, 84.70552884615384 
m50.npz: 0.5564898991814027, 84.4951923076923 
