m0.npz: 2.308552378263229, 10.426682692307692 
m1.npz: 1.7376905305263324, 59.62540064102564 
m2.npz: 1.1651522706334407, 70.60296474358974 
m3.npz: 1.0845197488864262, 73.66786858974359 
m4.npz: 1.0821966792528446, 75.50080128205128 
m5.npz: 1.11598611699465, 77.40384615384616 
m6.npz: 1.1148940819578292, 78.37540064102564 
m7.npz: 1.1308939065306614, 78.97636217948718 
m8.npz: 1.0117769751411219, 79.88782051282051 
m9.npz: 1.0362736651530633, 79.98798076923077 
m10.npz: 1.009911284614832, 80.1983173076923 
m11.npz: 1.0617230104712339, 80.52884615384616 
m12.npz: 1.0176540467983637, 80.8994391025641 
m13.npz: 1.1257248068085084, 80.5889423076923 
m14.npz: 1.071710246304671, 80.9395032051282 
m15.npz: 0.9874130540933365, 81.21995192307692 
m16.npz: 1.1009725311245673, 81.08974358974359 
m17.npz: 1.177491280130851, 80.52884615384616 
m18.npz: 1.0954161502229862, 81.42027243589743 
m19.npz: 1.0568757976094882, 81.06971153846153 
m20.npz: 1.0849655616359832, 81.41025641025641 
m21.npz: 1.0460352815496616, 81.48036858974359 
m22.npz: 1.0741964731460962, 81.65064102564102 
m23.npz: 1.0497613856807733, 82.1113782051282 
m24.npz: 1.0594814041486154, 81.36017628205128 
m25.npz: 1.1247700170064583, 81.15985576923077 
