m0.npz: 4.607087795551006, 1.1217948717948718 
m1.npz: 3.7567587471925297, 22.596153846153847 
m2.npz: 2.7492866905835958, 31.109775641025642 
m3.npz: 2.5376831465042553, 35.08613782051282 
m4.npz: 2.419200768455481, 37.32972756410256 
m5.npz: 2.340240102547866, 39.162660256410255 
m6.npz: 2.275742049018542, 40.57491987179487 
m7.npz: 2.2340299915044737, 41.70673076923077 
m8.npz: 2.1961312053295283, 42.40785256410256 
m9.npz: 2.1633087557095747, 43.249198717948715 
m10.npz: 2.134633705019951, 43.850160256410255 
m11.npz: 2.1114567820078287, 44.20072115384615 
m12.npz: 2.095633946550198, 44.631410256410255 
m13.npz: 2.0720176161863866, 45.24238782051282 
m14.npz: 2.0568012919945593, 45.84334935897436 
m15.npz: 2.0492413403132024, 46.33413461538461 
m16.npz: 2.038975639220996, 46.45432692307692 
m17.npz: 2.0273067542375665, 47.04527243589744 
m18.npz: 2.011784648666015, 47.05528846153846 
m19.npz: 2.0050104950100947, 47.29567307692308 
m20.npz: 1.9994390534284787, 47.28565705128205 
m21.npz: 1.9912500927845638, 47.59615384615385 
m22.npz: 1.9868476325884843, 47.946714743589745 
m23.npz: 1.9861856767764459, 48.127003205128204 
m24.npz: 1.979501621845441, 48.21714743589744 
m25.npz: 1.9784767352617705, 48.55769230769231 
m26.npz: 1.9711673324688888, 48.727964743589745 
m27.npz: 1.9674473884396064, 48.84815705128205 
m28.npz: 1.9663703911579573, 48.89823717948718 
m29.npz: 1.9656615241979942, 48.85817307692308 
m30.npz: 1.9643202615089905, 49.00841346153846 
m31.npz: 1.9660867611185098, 49.06850961538461 
m32.npz: 1.9605207618994591, 49.22876602564103 
m33.npz: 1.9658966603187413, 49.18870192307692 
m34.npz: 1.9606630727648735, 49.509214743589745 
m35.npz: 1.9619625268074183, 49.869791666666664 
m36.npz: 1.9645022488175294, 49.79967948717949 
m37.npz: 1.9646677919305289, 49.84975961538461 
m38.npz: 1.9711621909951553, 50.19030448717949 
m39.npz: 1.9708066750795414, 49.62940705128205 
m40.npz: 1.9686146145447707, 50.080128205128204 
m41.npz: 1.9784409961639307, 49.98998397435897 
m42.npz: 1.9729445679829671, 50.09014423076923 
m43.npz: 1.979027027120957, 50.02003205128205 
m44.npz: 1.9844657282034557, 50.15024038461539 
m45.npz: 1.9840753676417546, 50.33052884615385 
m46.npz: 1.9916732739179561, 50.34054487179487 
m47.npz: 1.9910335747095256, 50.41065705128205 
m48.npz: 1.9953712828648396, 50.500801282051285 
m49.npz: 1.9979098267280138, 50.3505608974359 
m50.npz: 1.987408578968965, 50.4306891025641 
