m0.pt: 4.606044511000316, 0.7512019230769231 
m1.pt: 3.7360861897468567, 22.235576923076923 
m2.pt: 2.725025230493301, 31.640625 
m3.pt: 2.530393646695675, 35.22636217948718 
m4.pt: 2.4185199366930203, 37.22956730769231 
m5.pt: 2.3428726486670666, 38.7119391025641 
m6.pt: 2.286066650198056, 40.35456730769231 
m7.pt: 2.2427169371109743, 41.06570512820513 
m8.pt: 2.204992638566555, 41.99719551282051 
m9.pt: 2.1746052568539596, 42.708333333333336 
m10.pt: 2.148501226917291, 43.29927884615385 
m11.pt: 2.1228243972246466, 43.87019230769231 
m12.pt: 2.1023144710522432, 44.55128205128205 
m13.pt: 2.084271569282581, 45.01201923076923 
m14.pt: 2.066469667431636, 45.58293269230769 
m15.pt: 2.0561804660619836, 45.783253205128204 
m16.pt: 2.038301534950733, 46.28405448717949 
m17.pt: 2.0329258908063936, 46.46434294871795 
m18.pt: 2.0224316937801166, 46.70472756410256 
m19.pt: 2.0171635915071535, 47.07532051282051 
m20.pt: 2.004042944464928, 47.20552884615385 
m21.pt: 1.9952957183122635, 47.6161858974359 
m22.pt: 1.9916668213330782, 47.736378205128204 
m23.pt: 1.986253988284331, 47.84655448717949 
m24.pt: 1.9830439797578714, 47.97676282051282 
m25.pt: 1.9793977049680858, 48.23717948717949 
m26.pt: 1.977064874691841, 48.37740384615385 
m27.pt: 1.9742267968562932, 48.537660256410255 
m28.pt: 1.9754890814805641, 48.84815705128205 
m29.pt: 1.9734387615552316, 48.83814102564103 
m30.pt: 1.9789072198745532, 48.697916666666664 
m31.pt: 1.9713372867076824, 49.00841346153846 
m32.pt: 1.9669571111981685, 49.14863782051282 
m33.pt: 1.9679986479190679, 49.16866987179487 
m34.pt: 1.9718273496016478, 49.33894230769231 
m35.pt: 1.9688956590417104, 49.23878205128205 
m36.pt: 1.9712760423620541, 49.43910256410256 
m37.pt: 1.974886533923638, 49.16866987179487 
m38.pt: 1.9757157669235499, 49.54927884615385 
m39.pt: 1.9758731143978925, 49.6494391025641 
m40.pt: 1.980571934619011, 49.62940705128205 
m41.pt: 1.9777059769019103, 49.74959935897436 
m42.pt: 1.9799897009745622, 49.93990384615385 
m43.pt: 1.9850591539572446, 49.96995192307692 
m44.pt: 1.977906544621174, 50.18028846153846 
m45.pt: 1.988667300114265, 49.94991987179487 
m46.pt: 1.987134494078465, 50.06009615384615 
m47.pt: 1.9864065425518231, 50.25040064102564 
m48.pt: 1.985702158166812, 50.25040064102564 
m49.pt: 1.9988741947290225, 50.130208333333336 
m50.pt: 1.9961053022207358, 50.260416666666664 
