m0.npz: 2.3006875721307902, 12.139423076923077 
m1.npz: 2.10701316404037, 49.06850961538461 
m2.npz: 2.1994811296463013, 49.36899038461539 
m3.npz: 2.2827566120869074, 25.701121794871796 
m4.npz: 2.2897402399625535, 21.875 
m5.npz: 2.2958060846878934, 19.37099358974359 
m6.npz: 2.2942815713393383, 18.709935897435898 
m7.npz: 2.286765223130202, 22.606169871794872 
m8.npz: 2.2895740606845956, 22.736378205128204 
m9.npz: 2.2819593243109875, 23.197115384615383 
m10.npz: 2.2863661906658073, 17.94871794871795 
m11.npz: 2.2856564880945744, 15.835336538461538 
m12.npz: 2.2863123302276316, 17.868589743589745 
m13.npz: 2.2845666920527434, 20.602964743589745 
m14.npz: 2.2737885545461607, 20.91346153846154 
m15.npz: 2.281525996250984, 20.192307692307693 
m16.npz: 2.289588533150844, 14.673477564102564 
m17.npz: 2.2736129569701657, 23.297275641025642 
m18.npz: 2.2820784556560025, 16.486378205128204 
m19.npz: 2.28749442864687, 13.862179487179487 
m20.npz: 2.2860699586379223, 14.763621794871796 
m21.npz: 2.283784033396305, 14.643429487179487 
m22.npz: 2.2851615303601975, 14.122596153846153 
m23.npz: 2.2826791054163222, 14.773637820512821 
m24.npz: 2.2869178354740143, 13.461538461538462 
m25.npz: 2.28012243218911, 16.286057692307693 
m26.npz: 2.2713713294420486, 19.90184294871795 
m27.npz: 2.281765098755176, 14.252804487179487 
m28.npz: 2.286116977532705, 14.623397435897436 
m29.npz: 2.2782512177259493, 15.174278846153847 
m30.npz: 2.2753593707695985, 16.58653846153846 
m31.npz: 2.281869895947285, 12.279647435897436 
m32.npz: 2.2779295719586887, 14.893830128205128 
m33.npz: 2.295194469965421, 18.12900641025641 
m34.npz: 2.275366112207755, 18.689903846153847 
m35.npz: 2.2694730040354605, 18.86017628205128 
m36.npz: 2.277076488121962, 17.16746794871795 
m37.npz: 2.2685801287492118, 19.60136217948718 
m38.npz: 2.280105769634247, 17.848557692307693 
m39.npz: 2.302581317149676, 19.411057692307693 
m40.npz: 2.2795617442864637, 17.918669871794872 
m41.npz: 2.2845430970191956, 16.766826923076923 
m42.npz: 2.277243491166677, 18.219150641025642 
m43.npz: 2.2692971168420253, 19.42107371794872 
m44.npz: 2.273389755151211, 18.499599358974358 
m45.npz: 2.2619371635791583, 19.21073717948718 
m46.npz: 2.2673197212891703, 19.661458333333332 
m47.npz: 2.2484083893971567, 21.794871794871796 
m48.npz: 2.271016571766291, 19.170673076923077 
m49.npz: 2.268532465665768, 19.671474358974358 
m50.npz: 2.289169423855268, 17.127403846153847 
