m0.pt: 2.3037954041591058, 10.216346153846153 
m1.pt: 2.1683786320380674, 44.5713141025641 
m2.pt: 2.2386395381047177, 41.56650641025641 
m3.pt: 2.285704579872963, 28.10496794871795 
m4.pt: 2.2884040482533283, 25.010016025641026 
m5.pt: 2.2943510909875235, 21.494391025641026 
m6.pt: 2.2967644203931856, 17.548076923076923 
m7.pt: 2.2929568932606625, 21.364182692307693 
m8.pt: 2.290369205749952, 20.72315705128205 
m9.pt: 2.2908074886370926, 19.200721153846153 
m10.pt: 2.288120577732722, 18.990384615384617 
m11.pt: 2.284145089296194, 21.78485576923077 
m12.pt: 2.292193306562228, 18.699919871794872 
m13.pt: 2.2818120259505053, 20.903445512820515 
m14.pt: 2.2833656324790073, 19.881810897435898 
m15.pt: 2.2854096301091023, 20.462740384615383 
m16.pt: 2.287853247844256, 17.73838141025641 
m17.pt: 2.283911799773192, 17.98878205128205 
m18.pt: 2.2916185557842255, 20.432692307692307 
m19.pt: 2.288689456689052, 16.836939102564102 
m20.pt: 2.288128604491552, 19.821714743589745 
m21.pt: 2.2874684303234787, 16.947115384615383 
m22.pt: 2.2865682404774885, 14.70352564102564 
m23.pt: 2.288926444756679, 18.189102564102566 
m24.pt: 2.2893959887516804, 14.322916666666666 
m25.pt: 2.2921095551588597, 16.055689102564102 
m26.pt: 2.2904908664715595, 13.020833333333334 
m27.pt: 2.281544181016775, 14.723557692307692 
m28.pt: 2.292300996107933, 13.792067307692308 
m29.pt: 2.2821482687424393, 16.766826923076923 
m30.pt: 2.294909206720499, 12.119391025641026 
m31.pt: 2.2904542073225365, 18.028846153846153 
m32.pt: 2.29386284106817, 16.70673076923077 
m33.pt: 2.2942570883494158, 16.40625 
m34.pt: 2.2912923196951547, 16.025641025641026 
m35.pt: 2.2894014372275424, 16.716746794871796 
m36.pt: 2.2893268435429306, 18.189102564102566 
m37.pt: 2.284104213500634, 17.327724358974358 
m38.pt: 2.2907969722381005, 17.147435897435898 
m39.pt: 2.2841798594364753, 17.68830128205128 
m40.pt: 2.2901308039824166, 15.53485576923077 
m41.pt: 2.2816381943531527, 18.409455128205128 
m42.pt: 2.288702906706394, 18.118990384615383 
m43.pt: 2.287435688269444, 16.19591346153846 
m44.pt: 2.2850113014380136, 15.745192307692308 
m45.pt: 2.2757281897923884, 16.58653846153846 
m46.pt: 2.2724971091135955, 20.38261217948718 
m47.pt: 2.2792123594345193, 19.76161858974359 
m48.pt: 2.2722522035623207, 18.459535256410255 
m49.pt: 2.2864926060040793, 12.489983974358974 
m50.pt: 2.2792258728773165, 13.772035256410257 
