m0.npz: 2.3035945265721054, 9.735576923076923 
m1.npz: 2.137707736247625, 44.611378205128204 
m2.npz: 2.220559658912512, 46.50440705128205 
m3.npz: 2.28306931639329, 28.004807692307693 
m4.npz: 2.2764326280508285, 29.75761217948718 
m5.npz: 2.2601440930977845, 35.49679487179487 
m6.npz: 2.2855355135905437, 19.130608974358974 
m7.npz: 2.286341816186905, 19.591346153846153 
m8.npz: 2.268938130293137, 24.12860576923077 
m9.npz: 2.2775943141717176, 28.265224358974358 
m10.npz: 2.2714598064239206, 25.46073717948718 
m11.npz: 2.2694817666824045, 26.001602564102566 
m12.npz: 2.279263036373334, 21.364182692307693 
m13.npz: 2.2822200296781, 17.357772435897434 
m14.npz: 2.286541381707558, 17.34775641025641 
m15.npz: 2.2798853638844614, 22.225560897435898 
m16.npz: 2.2838190473043003, 15.685096153846153 
m17.npz: 2.28739618185239, 17.718349358974358 
m18.npz: 2.283828623019732, 21.955128205128204 
m19.npz: 2.2858454019595413, 21.59455128205128 
m20.npz: 2.288842329612145, 17.918669871794872 
m21.npz: 2.2832672045781064, 19.51121794871795 
m22.npz: 2.2795209005857124, 22.54607371794872 
m23.npz: 2.2816246449947357, 18.58974358974359 
m24.npz: 2.2910667864175944, 14.252804487179487 
m25.npz: 2.2866837007877154, 17.66826923076923 
m26.npz: 2.291130598538961, 17.137419871794872 
m27.npz: 2.2754115638060446, 26.752804487179485 
m28.npz: 2.2780719498793283, 24.21875 
m29.npz: 2.2746021013993483, 24.649439102564102 
m30.npz: 2.2749794958493648, 24.30889423076923 
