m3.npz: 2.3609880163119388, 10.01602564102564 
m28.npz: 1.8774779232648702, 58.493589743589745 
m14.npz: 2.2004433144361544, 24.759615384615383 
m2.npz: 2.361190233475123, 9.99599358974359 
m0.npz: 2.302290733043964, 10.747195512820513 
m17.npz: 1.8918286114931107, 56.740785256410255 
m16.npz: 1.8983807682226865, 56.10977564102564 
n1m50.npz: 1.8654823108361318, 60.61698717948718 
m5.npz: 2.360989912962302, 10.01602564102564 
m12.npz: 2.3407078087329865, 9.99599358974359 
m13.npz: 2.134232711333495, 30.57892628205128 
m4.npz: 2.360969683298698, 9.99599358974359 
n1m43.npz: 1.8654061620816207, 60.61698717948718 
n1m57.npz: 1.8653444422361178, 60.627003205128204 
m6.npz: 2.3581215066787524, 9.985977564102564 
m11.npz: 2.2153326983635244, 23.237179487179485 
m39.npz: 1.8651851159639847, 60.657051282051285 
m38.npz: 1.8654646965173574, 60.627003205128204 
m10.npz: 2.1948689084786634, 30.328525641025642 
m7.npz: 2.3551960235986953, 10.006009615384615 
m63.npz: 1.8650984229185643, 60.66706730769231 
m62.npz: 1.8652174400213437, 60.647035256410255 
m48.npz: 1.8652579337358475, 60.647035256410255 
m60.npz: 1.8653517285218606, 60.627003205128204 
m61.npz: 1.8653416343224354, 60.627003205128204 
m49.npz: 1.8653855216808808, 60.63701923076923 
m65.npz: 1.864869800897745, 60.69711538461539 
m59.npz: 1.8653646925320992, 60.627003205128204 
m58.npz: 1.865450870532256, 60.627003205128204 
m70.npz: 1.8654048416094902, 60.627003205128204 
n1m22.npz: 1.8902437946735284, 56.98116987179487 
n1m36.npz: 1.8765298517850728, 58.66386217948718 
m66.npz: 1.8652136956269925, 60.63701923076923 
m67.npz: 1.8653306770019042, 60.647035256410255 
m56.npz: 1.8649531931449206, 60.68709935897436 
m42.npz: 1.865335049537512, 60.63701923076923 
m69.npz: 1.8653353800376256, 60.63701923076923 
m41.npz: 1.8652271995177636, 60.657051282051285 
m55.npz: 1.8651998543586485, 60.647035256410255 
m54.npz: 1.8650401696944847, 60.677083333333336 
m40.npz: 1.8653295089801152, 60.647035256410255 
m68.npz: 1.8655911955313804, 60.59695512820513 
m44.npz: 1.8655257939528196, 60.61698717948718 
m51.npz: 1.8653091196066294, 60.63701923076923 
m45.npz: 1.865413363545369, 60.61698717948718 
n1m15.npz: 2.168313789826173, 30.09815705128205 
n1m29.npz: 1.8771462054588857, 58.47355769230769 
m53.npz: 1.865352363158495, 60.627003205128204 
m47.npz: 1.8653840460838416, 60.627003205128204 
n1m8.npz: 2.3025200015459304, 9.99599358974359 
m46.npz: 1.8653326466297493, 60.63701923076923 
m52.npz: 1.8652014992175958, 60.657051282051285 
m35.npz: 1.8768176570152626, 58.74399038461539 
m21.npz: 1.8902936998086097, 56.88100961538461 
m20.npz: 1.8935750524202983, 56.640625 
m34.npz: 1.8766867751494432, 58.493589743589745 
n1m64.npz: 1.8651992361514995, 60.657051282051285 
m9.npz: 2.2408764553375735, 22.225560897435898 
m37.npz: 1.865720958281786, 60.59695512820513 
m23.npz: 1.8768388094046178, 58.483573717948715 
n1m71.npz: 1.8653462380170822, 60.63701923076923 
m27.npz: 1.8777026304831872, 58.313301282051285 
m33.npz: 1.876066735921762, 58.5536858974359 
m32.npz: 1.8765164617544565, 58.71394230769231 
m26.npz: 1.8780507647838347, 58.36338141025641 
m30.npz: 1.876150063597239, 58.5536858974359 
m24.npz: 1.8775864980923824, 58.483573717948715 
m18.npz: 1.8946985136239956, 56.43028846153846 
m19.npz: 1.8844253993951356, 57.69230769230769 
m25.npz: 1.8771487768643942, 58.56370192307692 
m31.npz: 1.8767131528793237, 58.74399038461539 
