m3.npz: 2.3206773025867267, 9.985977564102564 
m28.npz: 1.8652455466680038, 60.63701923076923 
m14.npz: 1.872866350106704, 59.92588141025641 
m2.npz: 2.2912564117174883, 11.758814102564102 
m0.npz: 2.3025122544704337, 9.595352564102564 
m17.npz: 1.8654259110872562, 60.5869391025641 
m16.npz: 1.8653702288866043, 60.59695512820513 
n1m50.npz: 1.8653473613353877, 60.63701923076923 
m5.npz: 2.359781411977915, 10.006009615384615 
m12.npz: 1.8728517993138387, 59.83573717948718 
m13.npz: 1.862579623858134, 60.99759615384615 
m4.npz: 2.285157004992167, 13.792067307692308 
n1m43.npz: 1.865392355964734, 60.627003205128204 
n1m57.npz: 1.8653626109545047, 60.63701923076923 
m6.npz: 2.317667157986225, 12.900641025641026 
m11.npz: 1.8639608331215687, 60.91746794871795 
m39.npz: 1.8652960230142643, 60.63701923076923 
m38.npz: 1.8655200665577865, 60.61698717948718 
m10.npz: 1.8688389322696588, 60.36658653846154 
m7.npz: 2.358823898511055, 9.985977564102564 
m63.npz: 1.8653196104061909, 60.63701923076923 
m62.npz: 1.8649971324663897, 60.677083333333336 
m48.npz: 1.865188615444379, 60.647035256410255 
m60.npz: 1.8653652110160925, 60.63701923076923 
m61.npz: 1.865429285245064, 60.61698717948718 
m49.npz: 1.8650569713268526, 60.66706730769231 
m65.npz: 1.8650485651615338, 60.68709935897436 
m59.npz: 1.8654790218823996, 60.627003205128204 
m58.npz: 1.865463096361894, 60.627003205128204 
m70.npz: 1.8655877525989826, 60.60697115384615 
n1m22.npz: 1.8654262882012587, 60.627003205128204 
n1m36.npz: 1.8652526445877857, 60.63701923076923 
m66.npz: 1.8653585704473348, 60.627003205128204 
m67.npz: 1.8656038313339918, 60.60697115384615 
m56.npz: 1.8654056905935972, 60.627003205128204 
m42.npz: 1.8654663727069511, 60.61698717948718 
m69.npz: 1.8652587471864162, 60.647035256410255 
m41.npz: 1.8655958328491602, 60.5869391025641 
m55.npz: 1.8652570583881476, 60.647035256410255 
m54.npz: 1.8652539226489189, 60.647035256410255 
m40.npz: 1.865354949847246, 60.63701923076923 
m68.npz: 1.865229268104602, 60.647035256410255 
m44.npz: 1.8651426342817454, 60.657051282051285 
m51.npz: 1.865286498115613, 60.63701923076923 
m45.npz: 1.8653139812059891, 60.627003205128204 
n1m15.npz: 1.866311749204611, 60.5068108974359 
n1m29.npz: 1.8651129049368393, 60.657051282051285 
m53.npz: 1.865119619629322, 60.647035256410255 
m47.npz: 1.8652647450948372, 60.63701923076923 
n1m8.npz: 2.290818302295147, 20.01201923076923 
m46.npz: 1.8653295464240587, 60.627003205128204 
m52.npz: 1.8651793755781956, 60.657051282051285 
m35.npz: 1.8650055531507883, 60.677083333333336 
m21.npz: 1.865343989087985, 60.66706730769231 
m20.npz: 1.8654387700252044, 60.56690705128205 
m34.npz: 1.8652797853335357, 60.647035256410255 
n1m64.npz: 1.865336122039037, 60.63701923076923 
m9.npz: 1.8644391665091882, 60.78725961538461 
m37.npz: 1.8651713400315015, 60.66706730769231 
m23.npz: 1.8655599523813298, 60.60697115384615 
n1m71.npz: 1.8652144280763774, 60.647035256410255 
m27.npz: 1.8650794755189846, 60.657051282051285 
m33.npz: 1.865520146030646, 60.60697115384615 
m32.npz: 1.8650679370531669, 60.647035256410255 
m26.npz: 1.8652764241664836, 60.647035256410255 
m30.npz: 1.8652860690385868, 60.647035256410255 
m24.npz: 1.8652107001115115, 60.657051282051285 
m18.npz: 1.865324658461106, 60.61698717948718 
m19.npz: 1.865228038185682, 60.61698717948718 
m25.npz: 1.865240285029778, 60.63701923076923 
m31.npz: 1.8652904194134932, 60.63701923076923 
