m0.pt: 2.2999041279157004, 11.668669871794872 
m1.pt: 1.7094290722639134, 57.93269230769231 
m2.pt: 1.1580942714443574, 70.2323717948718 
m3.pt: 1.1111043840646744, 73.28725961538461 
m4.pt: 1.0883995571579688, 75.22035256410257 
m5.pt: 1.07115061657551, 76.65264423076923 
m6.pt: 1.0728700885023825, 77.68429487179488 
m7.pt: 1.0064375079595125, 78.90625 
m8.pt: 1.0344137566593976, 79.1766826923077 
m9.pt: 1.003088116645813, 79.74759615384616 
m10.pt: 1.0215889756114056, 79.79767628205128 
m11.pt: 0.9792283177375793, 80.04807692307692 
m12.pt: 0.978218793677978, 80.51883012820512 
m13.pt: 1.0633589426676433, 80.79927884615384 
m14.pt: 0.9948421573409667, 80.68910256410257 
m15.pt: 0.9372770996429981, 81.7207532051282 
m16.pt: 1.0034910830167623, 81.36017628205128 
m17.pt: 0.9904571721951166, 81.9911858974359 
m18.pt: 0.9921984993494474, 81.54046474358974 
m19.pt: 1.0149943358623064, 81.48036858974359 
m20.pt: 0.980444963543843, 82.19150641025641 
m21.pt: 1.0476850443161452, 81.63060897435898 
m22.pt: 1.0104635934799144, 81.640625 
m23.pt: 0.9739262119699748, 81.98116987179488 
m24.pt: 0.9835597039797367, 81.83092948717949 
m25.pt: 1.0262119382237778, 81.78084935897436 
m26.pt: 1.013588818984154, 81.640625 
m27.pt: 0.9723063558340073, 81.96113782051282 
m28.pt: 1.0017005770634382, 81.71073717948718 
m29.pt: 0.9263575894710345, 82.8125 
m30.pt: 0.8756312978191253, 82.64222756410257 
m31.pt: 0.876076673467954, 82.83253205128206 
m32.pt: 0.8533587860755432, 82.72235576923077 
m33.pt: 0.88586420355699, 83.05288461538461 
m34.pt: 0.8059873676452881, 83.66386217948718 
m35.pt: 0.8408939475432421, 83.29326923076923 
m36.pt: 0.8284220873163297, 82.97275641025641 
m37.pt: 0.8028421457379292, 83.42347756410257 
m38.pt: 0.7885730830140603, 83.43349358974359 
m39.pt: 0.7549592407468038, 83.65384615384616 
m40.pt: 0.7100354530490361, 83.8641826923077 
m41.pt: 0.7998147039459302, 82.74238782051282 
m42.pt: 0.7370117303843682, 83.85416666666667 
m43.pt: 0.6942617102311208, 83.99439102564102 
m44.pt: 0.6971851361867709, 83.69391025641026 
m45.pt: 0.6781401910269872, 84.01442307692308 
m46.pt: 0.6451073642342519, 84.09455128205128 
m47.pt: 0.6287312103578677, 83.44350961538461 
m48.pt: 0.5823680705462511, 82.43189102564102 
