m0.pt: 2.3028932435390277, 10.496794871794872 
m1.pt: 2.1113170274557214, 49.75961538461539 
m2.pt: 1.135707520903685, 68.91025641025641 
m3.pt: 1.0509894759609149, 73.02684294871794 
m4.pt: 0.9730451729817268, 75.52083333333333 
m5.pt: 1.0398956040541332, 76.78285256410257 
m6.pt: 1.0073462892801335, 77.98477564102564 
m7.pt: 1.0031660386385062, 78.74599358974359 
m8.pt: 0.9779438389799534, 79.4170673076923 
m9.pt: 0.9046614403143908, 79.78766025641026 
m10.pt: 0.9308167745669683, 79.67748397435898 
m11.pt: 0.9301300367865807, 79.87780448717949 
m12.pt: 0.9954423656066259, 79.67748397435898 
m13.pt: 0.8996549712923857, 80.5488782051282 
m14.pt: 0.9698339886008165, 79.92788461538461 
m15.pt: 1.0193255243775172, 80.52884615384616 
m16.pt: 0.9107987426030331, 81.11979166666667 
m17.pt: 0.9443060434781588, 80.71915064102564 
m18.pt: 0.8941092259990864, 81.3701923076923 
m19.pt: 0.9565589817670676, 81.17988782051282 
m20.pt: 0.9768999889492989, 81.31009615384616 
m21.pt: 1.0278257918663514, 80.7792467948718 
m22.pt: 0.9038546102551314, 81.10977564102564 
m23.pt: 1.090922936797142, 80.22836538461539 
m24.pt: 0.9200360908722266, 80.79927884615384 
m25.pt: 0.8749426379799843, 81.73076923076923 
m26.pt: 0.9077417036661735, 81.34014423076923 
m27.pt: 0.9621574036203898, 81.19991987179488 
m28.pt: 0.856015610580261, 82.10136217948718 
m29.pt: 0.8554323185712863, 81.59054487179488 
m30.pt: 0.8533749190660623, 81.69070512820512 
m31.pt: 0.8117582776989692, 82.04126602564102 
m32.pt: 0.8031399262448152, 82.37179487179488 
m33.pt: 0.7792073423281695, 82.24158653846153 
m34.pt: 0.7892822281290324, 82.5420673076923 
m35.pt: 0.8116615414619446, 82.31169871794872 
m36.pt: 0.7129577654294479, 83.11298076923077 
m37.pt: 0.7379171332487693, 82.58213141025641 
m38.pt: 0.7172229511615558, 82.95272435897436 
m39.pt: 0.6372560482376661, 82.88261217948718 
