m0.npz: 4.604963443218133, 0.9515224358974359 
m1.npz: 4.194142011495737, 21.674679487179485 
m2.npz: 3.201355207424897, 28.255208333333332 
m3.npz: 2.8212745426557, 32.54206730769231 
m4.npz: 2.7008911738028893, 34.765625 
m5.npz: 2.638222188521654, 36.23798076923077 
m6.npz: 2.576379186067826, 37.30969551282051 
m7.npz: 2.52844929924378, 38.06089743589744 
m8.npz: 2.487924176913041, 38.49158653846154 
m9.npz: 2.4551976968844733, 39.12259615384615 
m10.npz: 2.432396962856635, 39.713541666666664 
m11.npz: 2.404180809855461, 40.28445512820513 
m12.npz: 2.3712918617022343, 40.82532051282051 
m13.npz: 2.342658598835652, 41.145833333333336 
m14.npz: 2.33431239426136, 41.45633012820513 
m15.npz: 2.3178333716514783, 41.85697115384615 
m16.npz: 2.3097050205255165, 42.16746794871795 
m17.npz: 2.287574874667021, 42.38782051282051 
m18.npz: 2.2830907178994937, 42.51802884615385 
m19.npz: 2.266807530934994, 42.497996794871796 
m20.npz: 2.2558797062971654, 42.72836538461539 
m21.npz: 2.249946478467721, 43.21915064102564 
m22.npz: 2.239179037320308, 43.42948717948718 
m23.npz: 2.2254885618503275, 43.62980769230769 
m24.npz: 2.214716117733564, 43.860176282051285 
m25.npz: 2.2229155729978514, 43.89022435897436 
m26.npz: 2.205734288845307, 44.23076923076923 
m27.npz: 2.2001148481399584, 44.08052884615385 
m28.npz: 2.2047338439868045, 44.220753205128204 
m29.npz: 2.195276705500407, 44.29086538461539 
m30.npz: 2.1936663725437264, 44.4911858974359 
m31.npz: 2.1937690812807817, 44.37099358974359 
m32.npz: 2.176578943163921, 44.54126602564103 
m33.npz: 2.181682302019535, 44.54126602564103 
m34.npz: 2.1829130233098297, 44.611378205128204 
m35.npz: 2.1748472574429636, 44.451121794871796 
m36.npz: 2.1829926062088747, 44.29086538461539 
m37.npz: 2.1814655248935404, 44.44110576923077 
m38.npz: 2.174267501403124, 44.4911858974359 
m39.npz: 2.1812520913588695, 44.71153846153846 
m40.npz: 2.1738115621682925, 44.76161858974359 
m41.npz: 2.178300447953053, 44.44110576923077 
m42.npz: 2.15875551983332, 44.8818108974359 
m43.npz: 2.1754179344727445, 44.80168269230769 
m44.npz: 2.176802394481806, 44.95192307692308 
m45.npz: 2.174852444957464, 44.72155448717949 
m46.npz: 2.1664551618771677, 44.70152243589744 
m47.npz: 2.1721885062945194, 44.69150641025641 
m48.npz: 2.1760187787123217, 44.53125 
m49.npz: 2.1787177515335574, 44.54126602564103 
m50.npz: 2.1844474237698774, 44.47115384615385 
