m0.pt: 4.605326036612193, 0.8012820512820513 
m1.pt: 4.1922827042066135, 21.634615384615383 
m2.pt: 3.2244310692334786, 28.44551282051282 
m3.pt: 2.8533499042193093, 32.20152243589744 
m4.pt: 2.700620494591884, 34.69551282051282 
m5.pt: 2.6523292630146713, 35.9775641025641 
m6.pt: 2.5943308633107405, 37.08934294871795 
m7.pt: 2.534066059268438, 38.08092948717949 
m8.pt: 2.4876687037639127, 38.76201923076923 
m9.pt: 2.447603486287288, 39.52323717948718 
m10.pt: 2.4227206072746177, 39.973958333333336 
m11.pt: 2.3918941617012024, 40.514823717948715 
m12.pt: 2.3657636050230417, 40.9755608974359 
m13.pt: 2.3381759421183514, 41.56650641025641 
m14.pt: 2.3414055422330513, 41.696714743589745 
m15.pt: 2.320939833155045, 41.76682692307692 
m16.pt: 2.296906820092446, 42.40785256410256 
m17.pt: 2.278980552768096, 42.78846153846154 
m18.pt: 2.277160516152015, 42.50801282051282 
m19.pt: 2.257442240531628, 42.868589743589745 
m20.pt: 2.254497530750739, 42.80849358974359 
m21.pt: 2.2456732526039467, 43.05889423076923 
m22.pt: 2.2317369251679153, 43.17908653846154 
m23.pt: 2.238314763857768, 43.0088141025641 
m24.pt: 2.229080710655604, 43.08894230769231 
m25.pt: 2.2155274764085426, 43.469551282051285 
m26.pt: 2.214520106330896, 43.67988782051282 
m27.pt: 2.217751975242908, 43.82011217948718 
m28.pt: 2.213848965672346, 43.98036858974359 
m29.pt: 2.201499718886155, 43.93028846153846 
m30.pt: 2.209299446680607, 43.73998397435897 
m31.pt: 2.188789033354857, 43.91025641025641 
m32.pt: 2.190824256111414, 44.17067307692308 
m33.pt: 2.195409140907801, 44.35096153846154 
m34.pt: 2.188592192072135, 44.41105769230769 
m35.pt: 2.1907437294721603, 44.53125 
m36.pt: 2.1825887835942783, 44.93189102564103 
m37.pt: 2.1856736701268416, 44.87179487179487 
m38.pt: 2.173886558948419, 45.14222756410256 
m39.pt: 2.1828891715178123, 44.98197115384615 
m40.pt: 2.1726817118051724, 44.98197115384615 
m41.pt: 2.1907128240817633, 44.85176282051282 
m42.pt: 2.175323541729878, 45.01201923076923 
m43.pt: 2.1835852548097954, 44.93189102564103 
m44.pt: 2.180834108056166, 44.94190705128205 
m45.pt: 2.1835464174166703, 44.75160256410256 
m46.pt: 2.175714929134418, 44.93189102564103 
m47.pt: 2.1764340748389563, 44.821714743589745 
m48.pt: 2.1843121407123713, 44.60136217948718 
m49.pt: 2.1845897844968696, 44.73157051282051 
m50.pt: 2.190651903167749, 44.85176282051282 
