m0.pt: 4.6088452064074, 0.78125 
m1.pt: 3.938148538271586, 22.646233974358974 
m2.pt: 2.8607555467348833, 30.338541666666668 
m3.pt: 2.6047076945885634, 34.43509615384615 
m4.pt: 2.4885030335340743, 36.29807692307692 
m5.pt: 2.4100314741715407, 38.06089743589744 
m6.pt: 2.353566739421624, 38.99238782051282 
m7.pt: 2.3071280331947865, 40.16426282051282 
m8.pt: 2.26571109585273, 41.24599358974359 
m9.pt: 2.2366250382784085, 41.85697115384615 
m10.pt: 2.205853594037203, 42.51802884615385 
m11.pt: 2.1818961321543426, 42.99879807692308 
m12.pt: 2.1631482663827066, 43.40945512820513 
m13.pt: 2.141839874478487, 43.669871794871796 
m14.pt: 2.1262321854249024, 44.240785256410255 
m15.pt: 2.1090631079979434, 44.5713141025641 
m16.pt: 2.091368691661419, 44.78165064102564 
m17.pt: 2.083309545730933, 45.052083333333336 
m18.pt: 2.0669734206719275, 45.392628205128204 
m19.pt: 2.061199801090436, 45.412660256410255 
m20.pt: 2.0539389967154236, 45.64302884615385 
m21.pt: 2.049122768334853, 45.87339743589744 
m22.pt: 2.0380202585305924, 46.06370192307692 
m23.pt: 2.03167001138895, 46.384214743589745 
m24.pt: 2.027272185071921, 46.68469551282051 
m25.pt: 2.0238389567686963, 46.594551282051285 
m26.pt: 2.022891207001148, 46.764823717948715 
m27.pt: 2.0153884100608335, 46.955128205128204 
m28.pt: 2.013974111049603, 46.89503205128205 
m29.pt: 2.014963538218767, 47.165464743589745 
m30.pt: 2.0098214976680584, 47.44591346153846 
m31.pt: 2.0095224879108944, 47.59615384615385 
m32.pt: 2.011044729214448, 47.58613782051282 
m33.pt: 2.0155374048612056, 47.375801282051285 
m34.pt: 2.0114382918064413, 47.556089743589745 
m35.pt: 2.014019339130475, 47.67628205128205 
m36.pt: 2.0098333209753036, 47.74639423076923 
m37.pt: 2.0112969302214108, 47.71634615384615 
m38.pt: 2.012053211912131, 47.70633012820513 
m39.pt: 2.017745468478936, 47.82652243589744 
m40.pt: 2.0181230379220767, 47.72636217948718 
m41.pt: 2.017410499163163, 47.736378205128204 
m42.pt: 2.0204208474128675, 47.736378205128204 
m43.pt: 2.0175913056501975, 47.65625 
m44.pt: 2.019500269721716, 47.97676282051282 
m45.pt: 2.022719354965748, 47.98677884615385 
m46.pt: 2.0257427348540378, 47.99679487179487 
m47.pt: 2.035419237537262, 48.09695512820513 
m48.pt: 2.0268839376095014, 48.327323717948715 
m49.pt: 2.0354089899322925, 48.25721153846154 
m50.pt: 2.0360865038939013, 47.936698717948715 
