m0.npz: 4.608770861075475, 0.8413461538461539 
m1.npz: 3.830038076027846, 22.796474358974358 
m2.npz: 2.7509895173402934, 31.209935897435898 
m3.npz: 2.550968267978766, 34.53525641025641 
m4.npz: 2.551399974486767, 34.53525641025641 
m5.npz: 2.5516778322366567, 34.54527243589744 
m6.npz: 2.5502361999108243, 34.57532051282051 
m7.npz: 2.5509411898943095, 34.56530448717949 
m8.npz: 2.552232105762531, 34.54527243589744 
m9.npz: 2.551138025827897, 34.56530448717949 
m10.npz: 2.5502295390917706, 34.57532051282051 
m11.npz: 2.5518354085775523, 34.53525641025641 
m12.npz: 2.550955227552316, 34.53525641025641 
m13.npz: 2.551916962250685, 34.54527243589744 
m14.npz: 2.5512016121393595, 34.56530448717949 
m15.npz: 2.55223579513721, 34.51522435897436 
m16.npz: 2.5517694636797295, 34.55528846153846 
m17.npz: 2.55205983038132, 34.53525641025641 
m18.npz: 2.5513878575502296, 34.57532051282051 
m19.npz: 2.551251295667428, 34.54527243589744 
m20.npz: 2.5523909280697503, 34.505208333333336 
m21.npz: 2.551279137531916, 34.55528846153846 
m22.npz: 2.5509637693564096, 34.52524038461539 
m23.npz: 2.552164967243488, 34.51522435897436 
m24.npz: 2.550076093047093, 34.55528846153846 
m25.npz: 2.5512336782920055, 34.55528846153846 
m26.npz: 2.5513173869022956, 34.54527243589744 
m27.npz: 2.552037379680536, 34.52524038461539 
m28.npz: 2.5515417876916056, 34.51522435897436 
m29.npz: 2.551447440416385, 34.54527243589744 
m30.npz: 2.55179571837951, 34.505208333333336 
m31.npz: 2.55102426195756, 34.56530448717949 
m32.npz: 2.5509058378445797, 34.53525641025641 
m33.npz: 2.551504801863279, 34.54527243589744 
m34.npz: 2.5513995469380646, 34.54527243589744 
m35.npz: 2.5519258139225154, 34.51522435897436 
m36.npz: 2.551656783391268, 34.53525641025641 
m37.npz: 2.551363468934328, 34.54527243589744 
m38.npz: 2.553170622159273, 34.505208333333336 
m39.npz: 2.5515981152271614, 34.55528846153846 
m40.npz: 2.5501944846831837, 34.56530448717949 
m41.npz: 2.5507573133859878, 34.55528846153846 
m42.npz: 2.551293371197505, 34.54527243589744 
m43.npz: 2.5514506013729634, 34.52524038461539 
m44.npz: 2.5508534201444726, 34.53525641025641 
m45.npz: 2.5516012700704427, 34.53525641025641 
m46.npz: 2.551312709466005, 34.55528846153846 
m47.npz: 2.551581699114579, 34.53525641025641 
m48.npz: 2.550665787779368, 34.57532051282051 
m49.npz: 2.5511479740723586, 34.54527243589744 
m50.npz: 2.5516778180996575, 34.54527243589744 
