m0.npz: 1.404322806369053, 21.06741573033708 
m1.npz: 1.3091451773482763, 31.81179775280899 
m2.npz: 1.1997929342677085, 48.56039325842696 
m3.npz: 1.145311616779713, 56.776685393258425 
m4.npz: 1.163356839940789, 58.74297752808989 
m5.npz: 1.2345737995726338, 61.37640449438202 
m6.npz: 1.2240370217334018, 61.90308988764045 
m7.npz: 1.2336247382539043, 60.217696629213485 
m8.npz: 1.2231872389825542, 57.65449438202247 
m9.npz: 1.2188128514236278, 57.478932584269664 
m10.npz: 1.2317102598340324, 53.44101123595506 
m11.npz: 1.2158016997776675, 55.688202247191015 
m12.npz: 1.1721083582117315, 58.04073033707865 
m13.npz: 1.2135934575220173, 54.56460674157304 
m14.npz: 1.1804520199807842, 56.28511235955056 
m15.npz: 1.2829714330394617, 53.33567415730337 
m16.npz: 1.1781867956847287, 54.63483146067416 
m17.npz: 1.160056532099006, 59.48033707865169 
m18.npz: 1.3388405020317335, 57.23314606741573 
m19.npz: 1.3540499826495567, 59.58567415730337 
m20.npz: 1.4331637192308233, 53.44101123595506 
m21.npz: 1.598511010073544, 56.49578651685393 
m22.npz: 1.2153479262684168, 59.72612359550562 
m23.npz: 1.4411691541082403, 57.9002808988764 
m24.npz: 1.6167607555228674, 60.287921348314605 
m25.npz: 1.2354981222849213, 58.00561797752809 
