m0.npz: 2.3028602049900937, 10.036057692307692 
m1.npz: 2.3026622587289567, 9.985977564102564 
m2.npz: 2.3026200899711022, 9.99599358974359 
m3.npz: 2.302681964177352, 10.006009615384615 
m4.npz: 2.302664728500904, 9.99599358974359 
m5.npz: 2.3027100150401774, 9.99599358974359 
m6.npz: 2.302714535823235, 9.975961538461538 
m7.npz: 2.302604058614144, 9.985977564102564 
m8.npz: 2.302401739817399, 9.975961538461538 
m9.npz: 2.3022475762244983, 11.07772435897436 
m10.npz: 2.302124031843283, 14.663461538461538 
m11.npz: 2.301045400209916, 14.59334935897436 
m12.npz: 2.3008861251366444, 11.157852564102564 
m13.npz: 2.3000359313610272, 14.833733974358974 
m14.npz: 2.297562536520836, 15.264423076923077 
m15.npz: 2.2987135526461477, 14.663461538461538 
m16.npz: 2.298276988359598, 14.393028846153847 
m17.npz: 2.297634858351487, 14.513221153846153 
m18.npz: 2.2977636395356593, 13.942307692307692 
m19.npz: 2.2992016780070768, 13.070913461538462 
m20.npz: 2.297882391092105, 13.551682692307692 
m21.npz: 2.2966596468901024, 13.521634615384615 
m22.npz: 2.2963225092643347, 13.521634615384615 
m23.npz: 2.29620032509168, 14.342948717948717 
m24.npz: 2.2966850873751516, 13.711939102564102 
m25.npz: 2.2942334375320335, 14.212740384615385 
m26.npz: 2.295410231137887, 14.473157051282051 
m27.npz: 2.2958945601414413, 14.262820512820513 
m28.npz: 2.296943710400508, 14.383012820512821 
m29.npz: 2.2968461169646335, 13.872195512820513 
m30.npz: 2.296376259663166, 13.231169871794872 
