m0.npz: 2.3034829092331424, 10.006009615384615 
m1.npz: 2.2682138024232326, 19.64142628205128 
m2.npz: 1.7048577922276962, 44.791666666666664 
m3.npz: 1.5132411462374222, 49.609375 
m4.npz: 1.4343502147075458, 52.634214743589745 
m5.npz: 1.4005346321142638, 54.797676282051285 
m6.npz: 1.356811101237933, 56.44030448717949 
m7.npz: 1.3482740804170952, 57.0713141025641 
m8.npz: 1.3408887758851051, 57.69230769230769 
m9.npz: 1.3240083096883235, 58.303285256410255 
m10.npz: 1.2541962735928023, 60.17628205128205 
m11.npz: 1.2486692189406126, 60.026041666666664 
m12.npz: 1.2467025841275852, 60.86738782051282 
m13.npz: 1.2234270364428177, 61.20793269230769 
m14.npz: 1.1844160619836588, 62.26963141025641 
m15.npz: 1.199382952008492, 62.4599358974359 
m16.npz: 1.1891884817144809, 62.760416666666664 
m17.npz: 1.1611364554518309, 63.411458333333336 
m18.npz: 1.158004808311279, 64.1426282051282 
m19.npz: 1.1658008243793097, 64.4130608974359 
m20.npz: 1.1620006983478863, 64.50320512820512 
m21.npz: 1.1323367909361155, 65.17427884615384 
m22.npz: 1.1185270973887198, 65.12419871794872 
m23.npz: 1.0938552277974594, 65.44471153846153 
m24.npz: 1.1403792888308182, 65.13421474358974 
m25.npz: 1.1145342611349547, 65.75520833333333 
m26.npz: 1.1002708768997438, 65.71514423076923 
m27.npz: 1.1124728373610056, 65.57491987179488 
m28.npz: 1.1140313780842683, 66.11578525641026 
m29.npz: 1.072662208133783, 66.84695512820512 
m30.npz: 1.1086516661139636, 65.98557692307692 
