m0.pt: 2.3005682703776236, 10.616987179487179 
m1.pt: 1.8753681125549169, 54.11658653846154 
m2.pt: 1.3487988607241557, 64.91386217948718 
m3.pt: 1.0415493446664932, 73.02684294871794 
m4.pt: 1.0370991447797189, 75.1201923076923 
m5.pt: 1.0976291107825744, 76.19190705128206 
m6.pt: 1.0208813641697934, 77.40384615384616 
m7.pt: 1.0315058573316305, 78.38541666666667 
m8.pt: 1.0683949748292947, 78.9863782051282 
m9.pt: 1.084802069916175, 78.77604166666667 
m10.pt: 1.0947174416520657, 76.75280448717949 
m11.pt: 1.0238766853625958, 77.13341346153847 
m12.pt: 1.0392602768081884, 76.84294871794872 
m13.pt: 1.0734382428419895, 75.46073717948718 
m14.pt: 1.021315648769721, 75.85136217948718 
m15.pt: 1.0759263537251031, 75.24038461538461 
m16.pt: 1.1067104941377273, 74.5292467948718 
m17.pt: 1.1083873273470464, 74.23878205128206 
m18.pt: 1.1406883713908684, 74.5292467948718 
m19.pt: 1.1506518964201977, 74.37900641025641 
m20.pt: 1.2227091269615369, 73.50761217948718 
m21.pt: 1.15893965978653, 73.92828525641026 
m22.pt: 1.199219744365949, 74.06850961538461 
m23.pt: 1.2337578110969984, 73.58774038461539 
m24.pt: 1.291095757522644, 73.28725961538461 
m25.pt: 1.1575021575658748, 74.01842948717949 
m26.pt: 1.1977138131474838, 73.67788461538461 
m27.pt: 1.1735431532829235, 74.01842948717949 
m28.pt: 1.1971249041649012, 73.56770833333333 
m29.pt: 1.1051846478994076, 74.32892628205128 
m30.pt: 1.1336820073998892, 73.7479967948718 
m31.pt: 1.053551967518452, 74.83974358974359 
m32.pt: 1.0787003284845598, 74.8798076923077 
m33.pt: 1.110602772770784, 73.97836538461539 
m34.pt: 1.0326744172817621, 74.30889423076923 
m35.pt: 1.0385648168814487, 74.54927884615384 
m36.pt: 1.0256507486487045, 75.0 
m37.pt: 0.9681842774152756, 75.05008012820512 
m38.pt: 0.9817490218541561, 74.77964743589743 
m39.pt: 0.9432375858991574, 75.4707532051282 
m40.pt: 0.9084859759761736, 78.45552884615384 
m41.pt: 0.8999187302513, 75.65104166666667 
m42.pt: 0.7930932535001864, 81.78084935897436 
m43.pt: 0.7000016772594208, 83.06290064102564 
m44.pt: 0.667798347102526, 83.30328525641026 
m45.pt: 0.698161843399971, 82.83253205128206 
m46.pt: 0.6322534981255348, 82.92267628205128 
m47.pt: 0.6328579728037883, 82.91266025641026 
m48.pt: 0.600269423941007, 81.25 
m49.pt: 0.6003651249771699, 81.25 
m50.pt: 0.601002488619624, 81.19991987179488 
