m0.pt: 4.606771340736976, 0.8313301282051282 
m1.pt: 3.7504002390763698, 23.11698717948718 
m2.pt: 2.728452116250992, 31.290064102564102 
m3.pt: 2.5372483153373766, 35.00600961538461 
m4.pt: 2.536978467152669, 35.03605769230769 
m5.pt: 2.536458609195856, 35.08613782051282 
m6.pt: 2.5362776529330473, 35.046073717948715 
m7.pt: 2.537003822051562, 35.026041666666664 
m8.pt: 2.536107897376403, 35.06610576923077 
m9.pt: 2.537223297051894, 35.026041666666664 
m10.pt: 2.536956000022399, 35.046073717948715 
m11.pt: 2.5360734443633985, 35.06610576923077 
m12.pt: 2.5358190765747657, 35.056089743589745 
