m0.npz: 2.3086504363096676, 9.655448717948717 
m1.npz: 2.2707803463324523, 28.33533653846154 
m2.npz: 2.162211564870981, 53.50560897435897 
m3.npz: 1.3604848144146113, 70.83333333333333 
m4.npz: 1.1654715505548012, 73.41746794871794 
m5.npz: 1.0878127263142512, 76.02163461538461 
m6.npz: 1.076410824098648, 76.80288461538461 
m7.npz: 1.0653065666556358, 77.48397435897436 
m8.npz: 1.0860133117590196, 77.71434294871794 
m9.npz: 1.0823448531520672, 78.68589743589743 
m10.npz: 1.0080906584476814, 79.07652243589743 
m11.npz: 1.0680298623748314, 79.48717948717949 
m12.npz: 0.9786051379946562, 80.01802884615384 
m13.npz: 0.9255019273513403, 80.5889423076923 
m14.npz: 0.9532447065680455, 80.21834935897436 
m15.npz: 0.9166210253651326, 80.76923076923077 
m16.npz: 0.9792933874787428, 80.57892628205128 
m17.npz: 0.977816641330719, 80.31850961538461 
m18.npz: 1.0303155468442502, 80.05809294871794 
m19.npz: 0.978394213777322, 80.36858974358974 
m20.npz: 0.9911564238942586, 80.94951923076923 
m21.npz: 1.0133689057368498, 80.9795673076923 
m22.npz: 1.1089629956927054, 80.21834935897436 
m23.npz: 1.1386222906219654, 80.14823717948718 
m24.npz: 1.0129153430461884, 80.27844551282051 
m25.npz: 1.1697616636371002, 79.53725961538461 
m26.npz: 1.119535122353297, 79.89783653846153 
m27.npz: 1.0926188476956809, 80.65905448717949 
m28.npz: 1.020809945387718, 80.29847756410257 
m29.npz: 0.9564170294847244, 80.8994391025641 
m30.npz: 1.0450762437704282, 80.90945512820512 
m31.npz: 1.0626633723194783, 80.32852564102564 
m32.npz: 1.031228716365802, 80.92948717948718 
m33.npz: 0.9447378126474527, 81.57051282051282 
m34.npz: 0.9717478605035024, 81.27003205128206 
m35.npz: 0.8888262852262228, 81.97115384615384 
m36.npz: 0.9212186707135959, 81.6806891025641 
m37.npz: 0.8583548305890499, 81.88100961538461 
m38.npz: 1.0066769144091852, 81.18990384615384 
m39.npz: 0.9162344160752419, 81.06971153846153 
m40.npz: 0.8512394863825578, 81.7608173076923 
m41.npz: 0.8510771405238372, 81.90104166666667 
m42.npz: 0.8665170199595965, 82.56209935897436 
m43.npz: 0.8537378521301807, 81.84094551282051 
m44.npz: 0.8092437631044632, 82.48197115384616 
m45.npz: 0.8052226087221732, 82.32171474358974 
m46.npz: 0.7834995341224548, 81.93108974358974 
m47.npz: 0.7139802874089816, 82.6923076923077 
m48.npz: 0.7021222717295854, 82.6923076923077 
m49.npz: 0.6806625986519532, 82.27163461538461 
m50.npz: 0.6850498859316875, 81.83092948717949 
