m0.npz: 2.300044224812434, 9.585336538461538 
m1.npz: 1.7676100463439257, 54.95793269230769 
m2.npz: 1.2939874791564085, 66.20592948717949 
m3.npz: 1.2337712114438033, 71.59455128205128 
m4.npz: 1.1767941772555695, 74.58934294871794 
m5.npz: 1.2283838175428219, 74.07852564102564 
m6.npz: 1.211442424891851, 74.6494391025641 
m7.npz: 1.1314184883466134, 76.38221153846153 
m8.npz: 1.1180698789465122, 77.55408653846153 
m9.npz: 1.1093152134846418, 75.80128205128206 
m10.npz: 1.1212147755118518, 74.65945512820512 
m11.npz: 1.0649418972241573, 76.5625 
m12.npz: 1.0843983510365853, 74.1386217948718 
m13.npz: 1.0615613859815476, 74.93990384615384 
m14.npz: 1.1074236587454112, 74.62940705128206 
m15.npz: 1.0855371665496092, 75.0801282051282 
m16.npz: 1.1530399719874065, 73.96834935897436 
m17.npz: 1.1224843261715693, 74.04847756410257 
m18.npz: 1.1066341978999286, 74.26883012820512 
m19.npz: 1.1577785914907088, 74.35897435897436 
m20.npz: 1.1340437596425033, 74.38902243589743 
m21.npz: 1.1403801122154944, 74.11858974358974 
m22.npz: 1.098121420886272, 74.1386217948718 
m23.npz: 1.2056660088591087, 73.95833333333333 
m24.npz: 1.1251370100638804, 74.69951923076923 
m25.npz: 1.123715000274854, 74.74959935897436 
m26.npz: 1.1048384736745784, 74.80969551282051 
m27.npz: 1.167513712667502, 74.609375 
m28.npz: 1.097853119747761, 74.93990384615384 
m29.npz: 1.1087545699033983, 74.9198717948718 
m30.npz: 1.0899085129300754, 74.78966346153847 
m31.npz: 1.0365192085886612, 74.9599358974359 
m32.npz: 1.0558702605657089, 74.98998397435898 
m33.npz: 1.1039579317737849, 75.16025641025641 
m34.npz: 1.1199164253014784, 74.80969551282051 
m35.npz: 1.077910832869701, 74.50921474358974 
m36.npz: 0.9564242108892171, 75.50080128205128 
m37.npz: 0.9982433534967594, 75.85136217948718 
m38.npz: 0.9617898454650854, 75.16025641025641 
m39.npz: 0.9750611709478574, 75.03004807692308 
m40.npz: 0.9387753433906115, 75.77123397435898 
m41.npz: 0.9336226145044352, 75.92147435897436 
m42.npz: 0.9511494846680225, 75.52083333333333 
m43.npz: 0.9538597739659823, 75.67107371794872 
m44.npz: 0.9101547724925555, 75.93149038461539 
m45.npz: 0.8917548966904482, 75.67107371794872 
m46.npz: 0.8566246581956362, 76.45232371794872 
m47.npz: 0.9239818226450529, 75.99158653846153 
m48.npz: 0.9193522025568363, 76.04166666666667 
m49.npz: 0.8385333156165404, 76.34214743589743 
m50.npz: 0.8190761958368313, 76.59254807692308 
