m0.npz: 1.3798053974515936, 30.68820224719101 
m1.npz: 1.360225851616163, 35.287921348314605 
m2.npz: 1.3679099980365024, 39.60674157303371 
m3.npz: 1.3814888549654671, 39.396067415730336 
m4.npz: 1.3863534833608049, 22.89325842696629 
m5.npz: 1.3888925488075514, 19.698033707865168 
m6.npz: 1.3918041647150274, 17.38061797752809 
m7.npz: 1.3928429249967083, 17.521067415730336 
m8.npz: 1.3926868840549769, 17.310393258426966 
m9.npz: 1.393293991517485, 17.521067415730336 
m10.npz: 1.3960503045092807, 16.60814606741573 
m11.npz: 1.3958630387702684, 16.99438202247191 
m12.npz: 1.3988110416390922, 16.292134831460675 
m13.npz: 1.399400190021215, 16.257022471910112 
m14.npz: 1.3986201781905099, 16.748595505617978 
m15.npz: 1.3973890743898543, 16.3623595505618 
m16.npz: 1.396894450937764, 18.153089887640448 
m17.npz: 1.399667623337735, 16.959269662921347 
m18.npz: 1.398578247327483, 16.60814606741573 
m19.npz: 1.3966341232985593, 16.678370786516854 
m20.npz: 1.3970926330330666, 16.78370786516854 
m21.npz: 1.3970311572042744, 16.257022471910112 
m22.npz: 1.3922006106108762, 17.90730337078652 
m23.npz: 1.3909359835506825, 17.34550561797753 
m24.npz: 1.3849045681149772, 23.665730337078653 
m25.npz: 1.384670663415716, 20.189606741573034 
