m0.npz: 1.4043531632155515, 17.134831460674157 
m1.npz: 1.2921077187141676, 32.37359550561798 
m2.npz: 1.2470452718520433, 41.818820224719104 
m3.npz: 1.1940042852015977, 50.561797752808985 
m4.npz: 1.165010867493876, 56.32022471910113 
m5.npz: 1.1293453647849265, 59.375 
m6.npz: 1.1667017923312242, 58.25140449438202 
m7.npz: 1.1460878808846635, 59.76123595505618 
m8.npz: 1.1016252878006925, 60.8497191011236 
m9.npz: 1.0594807066274492, 61.86797752808989 
m10.npz: 1.0605444352278548, 62.21910112359551 
m11.npz: 1.0438229897049036, 64.36095505617978 
m12.npz: 1.0103083246209648, 64.18539325842697 
m13.npz: 0.9715276996741135, 67.76685393258427 
m14.npz: 0.9562786375538687, 68.78511235955057 
m15.npz: 0.9607276936595359, 68.50421348314607 
m16.npz: 0.9245819208327304, 68.5744382022472 
m17.npz: 0.9443125878826956, 68.11797752808988 
m18.npz: 0.8790839863627145, 69.06601123595506 
m19.npz: 0.9621656590633179, 66.43258426966293 
m20.npz: 0.7296309216638629, 74.57865168539325 
m21.npz: 0.9445631350024363, 66.0814606741573 
m22.npz: 0.7404061194216267, 75.4564606741573 
m23.npz: 0.8957365315951659, 65.94101123595506 
m24.npz: 0.7711087023274282, 74.22752808988764 
m25.npz: 0.8706856242726358, 68.22331460674157 
