m0.npz: 2.312893181275099, 7.832532051282051 
m1.npz: 1.7504888100501819, 58.41346153846154 
m2.npz: 1.1871790041526158, 70.10216346153847 
m3.npz: 1.0619729552895596, 74.03846153846153 
m4.npz: 1.0686859087302134, 76.22195512820512 
m5.npz: 1.0703488517648134, 77.63421474358974 
m6.npz: 1.0707454511370413, 78.68589743589743 
m7.npz: 1.038863599873506, 79.43709935897436 
m8.npz: 1.0285905280556433, 79.52724358974359 
m9.npz: 0.9996987697787774, 80.17828525641026 
m10.npz: 1.014008380854741, 80.56891025641026 
m11.npz: 0.9513083507235234, 80.69911858974359 
m12.npz: 0.969728539387385, 81.17988782051282 
m13.npz: 0.996320889546321, 81.07972756410257 
m14.npz: 0.991913884687118, 81.15985576923077 
m15.npz: 1.0370768669706125, 81.25 
m16.npz: 1.0245857949440296, 81.45032051282051 
m17.npz: 1.038902761080326, 81.5604967948718 
m18.npz: 1.085206387898861, 81.11979166666667 
m19.npz: 1.1438134175080519, 80.83934294871794 
m20.npz: 1.1373721716495662, 80.53886217948718 
m21.npz: 1.0657236879834762, 81.21995192307692 
m22.npz: 1.1239203015963237, 80.32852564102564 
m23.npz: 1.1722980357515507, 80.1582532051282 
m24.npz: 1.1439520493149757, 80.859375 
m25.npz: 0.9674022677235115, 81.89102564102564 
m26.npz: 1.043706582715878, 80.68910256410257 
m27.npz: 1.1974588867563467, 79.12660256410257 
m28.npz: 1.0602764670665448, 80.1181891025641 
m29.npz: 1.0171777059634526, 81.80088141025641 
m30.npz: 1.0139240798277733, 81.40024038461539 
m31.npz: 1.0218698565776532, 81.71073717948718 
m32.npz: 0.8532707670178169, 83.35336538461539 
m33.npz: 0.9915348583689103, 81.38020833333333 
m34.npz: 0.8177796760812784, 82.86258012820512 
m35.npz: 0.8640916093419759, 82.40184294871794 
m36.npz: 0.8054436749945848, 83.11298076923077 
m37.npz: 0.8540923941211823, 82.64222756410257 
m38.npz: 0.8334591734485749, 82.75240384615384 
m39.npz: 0.7618760179059628, 83.1630608974359 
m40.npz: 0.7974650407066712, 82.75240384615384 
m41.npz: 0.71267296679509, 83.85416666666667 
m42.npz: 0.7486474557946889, 83.68389423076923 
m43.npz: 0.7436611604614135, 83.203125 
m44.npz: 0.6884690103813623, 83.4735576923077 
m45.npz: 0.6662633203161068, 83.70392628205128 
m46.npz: 0.6258778798465545, 83.74399038461539 
m47.npz: 0.6294484874950006, 83.5136217948718 
m48.npz: 0.6683716371846504, 84.32491987179488 
m49.npz: 0.6033603760103384, 84.20472756410257 
m50.npz: 0.6456352140849981, 83.76402243589743 
