m0.npz: 2.3044080764819412, 9.665464743589743 
m1.npz: 2.3018929996551614, 9.99599358974359 
m2.npz: 2.2456531883814397, 22.47596153846154 
m3.npz: 2.1640974443692427, 32.08133012820513 
m4.npz: 2.1213536086754923, 35.60697115384615 
m5.npz: 2.1051563781041365, 35.42668269230769 
m6.npz: 2.0384844904526687, 40.03405448717949 
m7.npz: 2.0862267926717415, 34.665464743589745 
m8.npz: 2.0726650609419894, 33.513621794871796 
m9.npz: 2.0521567097077003, 35.627003205128204 
m10.npz: 2.0210916510759254, 37.51001602564103 
m11.npz: 1.98314545972225, 40.16426282051282 
m12.npz: 1.9869935715045683, 37.91065705128205 
m13.npz: 2.0047405583736224, 39.62339743589744 
m14.npz: 1.9326227815487447, 43.16907051282051 
m15.npz: 1.9254019459088643, 42.99879807692308 
m16.npz: 1.969164782609695, 39.59334935897436 
m17.npz: 1.940652065552198, 40.71514423076923 
m18.npz: 1.9162363795897899, 40.99559294871795 
m19.npz: 1.9305738329123228, 41.306089743589745 
m20.npz: 1.9041939205848253, 40.95552884615385 
m21.npz: 1.8841564059257507, 41.61658653846154 
m22.npz: 1.9242836871208289, 40.43469551282051 
m23.npz: 1.8629680986587818, 41.666666666666664 
m24.npz: 1.8455969370328462, 43.53966346153846 
m25.npz: 1.8353186066334064, 43.03886217948718 
m26.npz: 1.800117708169497, 43.05889423076923 
m27.npz: 1.8350987740052052, 42.02724358974359 
m28.npz: 1.8162041451686468, 43.28926282051282 
m29.npz: 1.7959999491771061, 43.13902243589744 
m30.npz: 1.826247784953851, 41.97716346153846 
