m0.pt: 4.606020708878835, 1.001602564102564 
m1.pt: 3.7031059662501016, 23.006810897435898 
m2.pt: 2.7250967086889806, 31.610576923076923 
m3.pt: 2.5149434231794796, 35.466746794871796 
m4.pt: 2.4047767657500048, 37.70032051282051 
m5.pt: 2.3313221820654015, 39.04246794871795 
m6.pt: 2.2714445430498857, 40.46474358974359 
m7.pt: 2.223140474695426, 41.60657051282051 
m8.pt: 2.18503975830017, 42.497996794871796 
m9.pt: 2.156899083119172, 43.28926282051282 
m10.pt: 2.1306666437632, 43.73998397435897 
m11.pt: 2.1099665566132617, 44.48116987179487 
m12.pt: 2.090076114886846, 44.89182692307692 
m13.pt: 2.067026591453797, 45.36258012820513 
m14.pt: 2.0554679918747683, 45.703125 
m15.pt: 2.041461985462751, 45.87339743589744 
m16.pt: 2.032039526181343, 46.354166666666664 
m17.pt: 2.0168069998423257, 46.764823717948715 
m18.pt: 2.011614137735122, 46.89503205128205 
m19.pt: 1.9991312474012375, 47.24559294871795 
m20.pt: 1.9979372536524749, 47.546073717948715 
m21.pt: 1.9852349398992, 47.81650641025641 
m22.pt: 1.9759563945042782, 47.83653846153846 
m23.pt: 1.973130508684195, 48.3974358974359 
m24.pt: 1.9680664802973087, 48.40745192307692 
m25.pt: 1.965335915103937, 48.697916666666664 
m26.pt: 1.959778679869114, 48.94831730769231 
m27.pt: 1.9555116532704768, 48.98838141025641 
m28.pt: 1.9521819345462017, 48.84815705128205 
m29.pt: 1.9538097903132439, 49.40905448717949 
m30.pt: 1.949577848880719, 49.05849358974359 
m31.pt: 1.9516575592450607, 49.19871794871795 
m32.pt: 1.9534941353859046, 49.298878205128204 
m33.pt: 1.9508393005682871, 49.719551282051285 
m34.pt: 1.9484724396696458, 49.62940705128205 
m35.pt: 1.9533811670083265, 49.689503205128204 
m36.pt: 1.9492541146584046, 49.689503205128204 
m37.pt: 1.9548722708072417, 49.719551282051285 
m38.pt: 1.9536564239324667, 50.0400641025641 
m39.pt: 1.9620571873891048, 49.81971153846154 
m40.pt: 1.958024571148249, 49.96995192307692 
m41.pt: 1.9560725883795664, 49.96995192307692 
m42.pt: 1.95465091864268, 50.02003205128205 
m43.pt: 1.9632771290265596, 49.85977564102564 
m44.pt: 1.9639652835635037, 49.739583333333336 
m45.pt: 1.9637739155919125, 49.98998397435897 
m46.pt: 1.9676992983008041, 50.110176282051285 
m47.pt: 1.965808752255562, 50.46073717948718 
m48.pt: 1.9690473266901114, 50.01001602564103 
m49.pt: 1.9734431894925923, 50.260416666666664 
m50.pt: 1.9756282287148328, 50.34054487179487 
