m0.npz: 4.608316542246403, 1.0717147435897436 
m1.npz: 3.710048651083922, 23.25721153846154 
m2.npz: 2.7159327367941537, 31.630608974358974 
m3.npz: 2.5249633880761952, 34.865785256410255 
m4.npz: 2.421654689006316, 37.219551282051285 
m5.npz: 2.3395240356524787, 39.07251602564103 
m6.npz: 2.279071312302198, 40.2744391025641 
m7.npz: 2.2345254940864367, 41.19591346153846 
m8.npz: 2.196655063292919, 42.23758012820513 
m9.npz: 2.1673949376130714, 43.068910256410255 
m10.npz: 2.140429058900246, 43.830128205128204 
m11.npz: 2.1183488124456162, 43.95032051282051 
m12.npz: 2.0974797915953856, 44.51121794871795 
m13.npz: 2.0776131997505822, 45.002003205128204 
m14.npz: 2.0578353118437986, 45.48277243589744 
m15.npz: 2.0501459393745813, 45.79326923076923 
m16.npz: 2.037656612121142, 46.374198717948715 
m17.npz: 2.0244375933439303, 46.73477564102564 
m18.npz: 2.016065230736366, 47.02524038461539 
m19.npz: 2.0067451034600916, 47.29567307692308 
m20.npz: 2.003429713539588, 47.67628205128205 
m21.npz: 1.9939020791879067, 47.74639423076923 
m22.npz: 1.9929227901574893, 47.97676282051282 
m23.npz: 1.9870011875262628, 48.29727564102564 
m24.npz: 1.9780689768302135, 48.37740384615385 
m25.npz: 1.9786202961053603, 48.3974358974359 
m26.npz: 1.971378498734572, 48.60777243589744 
m27.npz: 1.9670055359601974, 48.727964743589745 
m28.npz: 1.9595019939618232, 48.747996794871796 
m29.npz: 1.957307015091945, 48.747996794871796 
m30.npz: 1.960866596072148, 49.01842948717949 
m31.npz: 1.9571987638870876, 49.12860576923077 
m32.npz: 1.961966648697853, 49.18870192307692 
m33.npz: 1.964133351468123, 49.15865384615385 
m34.npz: 1.9639778114282167, 49.20873397435897 
m35.npz: 1.9616826214851477, 49.1786858974359 
m36.npz: 1.96417530778891, 49.58934294871795 
m37.npz: 1.9673472256996694, 49.53926282051282 
m38.npz: 1.9657305280367534, 49.58934294871795 
m39.npz: 1.9675707924060333, 49.63942307692308 
m40.npz: 1.9708348776285465, 49.79967948717949 
m41.npz: 1.9743743412769759, 49.55929487179487 
m42.npz: 1.9765035735490994, 49.85977564102564 
m43.npz: 1.9752379974875696, 49.739583333333336 
m44.npz: 1.9755208834241598, 50.15024038461539 
m45.npz: 1.9769172274913542, 49.98998397435897 
m46.npz: 1.9738593731935208, 50.16025641025641 
m47.npz: 1.9791069347888997, 50.34054487179487 
m48.npz: 1.983541842454519, 50.22035256410256 
m49.npz: 1.9823583956712332, 50.16025641025641 
m50.npz: 1.9906551098594298, 50.37059294871795 
