m0.npz: 4.604332161255372, 0.9715544871794872 
m1.npz: 3.7866143056979547, 23.377403846153847 
m2.npz: 2.7433408162532706, 31.650641025641026 
m3.npz: 2.5450533597897262, 34.845753205128204 
m4.npz: 2.544707973798116, 34.83573717948718 
m5.npz: 2.5448824236026177, 34.8056891025641 
m6.npz: 2.5447508792082467, 34.82572115384615 
m7.npz: 2.5457307310440602, 34.845753205128204 
m8.npz: 2.5453354723942585, 34.82572115384615 
m9.npz: 2.545579988604937, 34.82572115384615 
m10.npz: 2.5453336246502705, 34.81570512820513 
m11.npz: 2.5466786401394086, 34.8056891025641 
m12.npz: 2.5445133657791676, 34.865785256410255 
m13.npz: 2.5456650918110824, 34.8056891025641 
m14.npz: 2.5440862950606222, 34.865785256410255 
m15.npz: 2.54504234286455, 34.845753205128204 
m16.npz: 2.544217531115581, 34.83573717948718 
m17.npz: 2.5448752760122986, 34.83573717948718 
m18.npz: 2.544227104538526, 34.83573717948718 
m19.npz: 2.5442329748318744, 34.83573717948718 
m20.npz: 2.544600226940253, 34.865785256410255 
m21.npz: 2.5450732574248924, 34.845753205128204 
m22.npz: 2.5459221395162435, 34.82572115384615 
m23.npz: 2.5453058160268345, 34.83573717948718 
m24.npz: 2.5457709412544203, 34.82572115384615 
m25.npz: 2.5463362148939033, 34.8056891025641 
m26.npz: 2.5451954083564954, 34.81570512820513 
m27.npz: 2.545074325723526, 34.82572115384615 
m28.npz: 2.5459245336361422, 34.81570512820513 
m29.npz: 2.5449349112235584, 34.83573717948718 
m30.npz: 2.5449345203546376, 34.81570512820513 
m31.npz: 2.5453975196832266, 34.83573717948718 
m32.npz: 2.546000009163832, 34.81570512820513 
m33.npz: 2.545457838819577, 34.845753205128204 
m34.npz: 2.544257484567471, 34.875801282051285 
m35.npz: 2.5453882672083683, 34.845753205128204 
m36.npz: 2.5446703158892117, 34.83573717948718 
m37.npz: 2.5457630256811776, 34.79567307692308 
m38.npz: 2.546199384026038, 34.8056891025641 
m39.npz: 2.545003201334904, 34.8056891025641 
m40.npz: 2.544324446565066, 34.85576923076923 
m41.npz: 2.5449058440251227, 34.865785256410255 
m42.npz: 2.544821239816837, 34.865785256410255 
m43.npz: 2.5447834050044036, 34.83573717948718 
m44.npz: 2.5448958506950965, 34.82572115384615 
m45.npz: 2.5444871951372194, 34.85576923076923 
m46.npz: 2.5450586668955975, 34.85576923076923 
m47.npz: 2.5448090926958966, 34.865785256410255 
m48.npz: 2.5449996984157806, 34.82572115384615 
m49.npz: 2.544804668961427, 34.845753205128204 
m50.npz: 2.5454881473993645, 34.83573717948718 
