m0.npz: 4.607783578909361, 0.7011217948717948 
m1.npz: 4.239108810058007, 21.193910256410255 
m2.npz: 3.197539054430448, 28.33533653846154 
m3.npz: 2.6486912281849446, 32.96274038461539 
m4.npz: 2.579590366818966, 33.97435897435897 
m5.npz: 2.5798868372654304, 33.95432692307692 
m6.npz: 2.579972578164859, 33.97435897435897 
m7.npz: 2.580119558633902, 33.97435897435897 
m8.npz: 2.5782219228836207, 33.984375 
m9.npz: 2.579906444518994, 33.93429487179487 
m10.npz: 2.578745663548127, 33.99439102564103 
m11.npz: 2.5786314113782, 33.97435897435897 
m12.npz: 2.5790745126895414, 33.984375 
m13.npz: 2.5797198586739025, 33.95432692307692 
m14.npz: 2.57915136944025, 33.97435897435897 
m15.npz: 2.5793614284350324, 33.984375 
m16.npz: 2.5799925388433995, 33.95432692307692 
m17.npz: 2.579816380372414, 33.96434294871795 
m18.npz: 2.579267298946014, 33.97435897435897 
m19.npz: 2.579811047667112, 33.93429487179487 
m20.npz: 2.579710081601754, 33.96434294871795 
m21.npz: 2.5794861565033593, 33.97435897435897 
m22.npz: 2.58011004061271, 33.9443108974359 
m23.npz: 2.5798096167735562, 33.95432692307692 
m24.npz: 2.578871718583963, 33.984375 
m25.npz: 2.5793445985286665, 33.95432692307692 
m26.npz: 2.5788776794305215, 34.00440705128205 
m27.npz: 2.5786026253914223, 33.984375 
m28.npz: 2.5778972055667486, 34.00440705128205 
m29.npz: 2.580068511840625, 33.96434294871795 
m30.npz: 2.579860182908865, 33.96434294871795 
m31.npz: 2.578138891320962, 33.96434294871795 
m32.npz: 2.5781693313366327, 33.96434294871795 
m33.npz: 2.5792361887601705, 33.96434294871795 
m34.npz: 2.577499400346707, 34.00440705128205 
m35.npz: 2.579238308927952, 33.984375 
m36.npz: 2.5788900466301503, 33.984375 
m37.npz: 2.578581902079093, 34.00440705128205 
m38.npz: 2.579297354206061, 33.984375 
m39.npz: 2.5794188181559243, 33.984375 
m40.npz: 2.5785843473978534, 33.99439102564103 
m41.npz: 2.5790253434425745, 33.99439102564103 
m42.npz: 2.579526043855227, 33.97435897435897 
m43.npz: 2.577785002497526, 34.00440705128205 
m44.npz: 2.5795467545588813, 33.97435897435897 
m45.npz: 2.5801044144691567, 33.95432692307692 
m46.npz: 2.5801739872266083, 33.9443108974359 
m47.npz: 2.5792066909563847, 33.97435897435897 
m48.npz: 2.577802891150499, 34.01442307692308 
m49.npz: 2.5793327440818152, 33.984375 
m50.npz: 2.5793993056584625, 33.984375 
