m0.pt: 2.310917725165685, 8.012820512820513 
m1.pt: 1.7012850756828601, 59.375 
m2.pt: 1.132836517615196, 70.2724358974359 
m3.pt: 1.090951402599995, 73.89823717948718 
m4.pt: 1.104734137081183, 75.42067307692308 
m5.pt: 1.061018176185779, 76.5224358974359 
m6.pt: 1.0818477039917922, 77.43389423076923 
m7.pt: 1.0283867911650584, 78.8261217948718 
m8.pt: 1.0556251612993388, 79.35697115384616 
m9.pt: 1.0042208700607984, 79.42708333333333 
m10.pt: 0.9991601044550921, 79.96794871794872 
m11.pt: 1.0566707694759736, 80.12820512820512 
m12.pt: 1.0203998499573805, 79.9579326923077 
m13.pt: 1.0443674490237846, 80.3485576923077 
m14.pt: 0.9999060928821564, 80.21834935897436 
m15.pt: 0.9853405579924583, 80.69911858974359 
m16.pt: 1.0552919327448576, 80.88942307692308 
m17.pt: 1.023948545830372, 81.13982371794872 
m18.pt: 1.0164576902603493, 81.08974358974359 
m19.pt: 1.0926700956546342, 80.4286858974359 
m20.pt: 1.120892848341893, 80.63902243589743 
m21.pt: 1.1130717700490584, 80.41866987179488 
m22.pt: 1.1392592590970871, 79.69751602564102 
m23.pt: 1.0452464868625004, 80.859375 
m24.pt: 1.113286173878572, 79.94791666666667 
m25.pt: 1.1438768779238064, 79.79767628205128 
