m0.npz: 2.3040208701904, 10.987580128205128 
m1.npz: 1.9950934438369212, 54.49719551282051 
m2.npz: 1.8525718943430827, 66.18589743589743 
m3.npz: 2.011938202075469, 66.35616987179488 
m4.npz: 2.010719339052836, 68.42948717948718 
m5.npz: 2.119071287222398, 60.53685897435897 
m6.npz: 2.1172331605966273, 59.14463141025641 
m7.npz: 2.001780424744655, 66.7568108974359 
m8.npz: 2.0420330312007513, 62.57011217948718 
m9.npz: 1.9413581154285333, 68.30929487179488 
m10.npz: 1.9283305597610962, 68.28926282051282 
m11.npz: 1.9373870568397717, 66.78685897435898 
m12.npz: 1.9551760462614207, 65.53485576923077 
m13.npz: 1.9554689595332513, 65.24439102564102 
m14.npz: 1.8807936899172955, 69.6113782051282 
m15.npz: 1.916307894847332, 64.7636217948718 
m16.npz: 1.9950869335578039, 61.17788461538461 
m17.npz: 1.9524999883694527, 62.790464743589745 
m18.npz: 2.021281748245924, 55.30849358974359 
m19.npz: 2.039581189935024, 54.296875 
m20.npz: 2.0688527956222877, 52.48397435897436 
m21.npz: 2.020283811367475, 55.959535256410255 
m22.npz: 1.995085901938952, 56.2900641025641 
m23.npz: 2.0845380360499406, 48.03685897435897 
m24.npz: 2.0870092255182757, 46.11378205128205 
m25.npz: 2.0675166906454625, 47.966746794871796 
m26.npz: 2.0838654721394563, 43.28926282051282 
m27.npz: 2.1036236179180636, 44.611378205128204 
m28.npz: 2.101367148833397, 45.82331730769231 
m29.npz: 2.0765407459858136, 46.94511217948718 
m30.npz: 2.090605383500075, 46.94511217948718 
