m0.npz: 2.3029398650695114, 10.446714743589743 
m1.npz: 2.271894554297129, 13.90224358974359 
m2.npz: 1.688569623308304, 46.354166666666664 
m3.npz: 1.4836551718986952, 52.32371794871795 
m4.npz: 1.3800690796894906, 55.578926282051285 
m5.npz: 1.3278694313306074, 57.57211538461539 
m6.npz: 1.292128160977975, 58.79407051282051 
m7.npz: 1.3135844648648531, 57.98277243589744 
m8.npz: 1.2715980448783972, 59.78565705128205 
m9.npz: 1.2784193775210626, 59.74559294871795 
m10.npz: 1.1999599580199292, 60.59695512820513 
m11.npz: 1.2000033295689485, 60.73717948717949 
m12.npz: 1.1977632232965567, 60.1963141025641 
m13.npz: 1.2413044029321425, 59.81570512820513 
m14.npz: 1.1960237175226212, 60.657051282051285 
m15.npz: 1.160975958674382, 61.47836538461539 
m16.npz: 1.171895487377277, 60.66706730769231 
m17.npz: 1.1280372215387149, 62.24959935897436 
m18.npz: 1.1400488794614108, 62.42988782051282 
m19.npz: 1.1415895517819967, 61.56850961538461 
m20.npz: 1.128950028274304, 61.588541666666664 
m21.npz: 1.1179521586268375, 61.608573717948715 
m22.npz: 1.1536653404816604, 60.807291666666664 
m23.npz: 1.1126915466709015, 62.12940705128205 
m24.npz: 1.130157422942993, 61.458333333333336 
m25.npz: 1.1120881155515328, 61.72876602564103 
m26.npz: 1.1446895448443217, 61.017628205128204 
m27.npz: 1.1238603996924865, 60.98758012820513 
m28.npz: 1.145148128653184, 60.72716346153846 
m29.npz: 1.145778162166094, 60.857371794871796 
m30.npz: 1.1351281247842007, 61.29807692307692 
