m0.npz: 2.3031964691785665, 11.368189102564102 
m1.npz: 2.2507596543202033, 18.920272435897434 
m2.npz: 1.5438396766399727, 44.140625 
m3.npz: 1.3171026286406395, 53.37540064102564 
m4.npz: 1.255357523759206, 56.21995192307692 
m5.npz: 1.2108757052666101, 57.93269230769231 
m6.npz: 1.1723022279448998, 59.16466346153846 
m7.npz: 1.151143596531489, 60.45673076923077 
m8.npz: 1.1125878624809094, 61.71875 
m9.npz: 1.084539228142836, 62.56009615384615 
m10.npz: 1.0749463971990805, 63.31129807692308 
m11.npz: 1.0602618744358039, 63.962339743589745 
m12.npz: 1.035300116890516, 64.89383012820512 
m13.npz: 1.017081971351917, 65.1542467948718 
m14.npz: 1.0012649188821132, 65.82532051282051 
m15.npz: 0.9982630465275202, 65.96554487179488 
m16.npz: 0.9812736912415578, 66.50641025641026 
m17.npz: 0.9758206191353309, 66.8369391025641 
m18.npz: 0.9586341510025355, 67.44791666666667 
m19.npz: 0.9472623410133215, 67.76842948717949 
m20.npz: 0.9476367175961152, 67.6983173076923 
m21.npz: 0.9357054619452893, 68.2391826923077 
m22.npz: 0.9338112447697383, 68.07892628205128 
m23.npz: 0.9230146887592781, 68.94030448717949 
m24.npz: 0.9137820714177229, 69.07051282051282 
m25.npz: 0.9097135880818734, 69.32091346153847 
m26.npz: 0.9117903858423233, 68.7900641025641 
m27.npz: 0.9052342230883929, 69.11057692307692 
m28.npz: 0.8971038686159329, 69.05048076923077 
m29.npz: 0.8873237054317425, 69.62139423076923 
m30.npz: 0.8953891709828988, 69.52123397435898 
