m0.npz: 2.3042646646499634, 10.697115384615385 
m1.npz: 1.8576823014479418, 57.291666666666664 
m2.npz: 1.3455612476055439, 69.2608173076923 
m3.npz: 1.3546002484284914, 72.79647435897436 
m4.npz: 1.384393030634293, 74.73958333333333 
m5.npz: 1.384615883613244, 76.31209935897436 
m6.npz: 1.4478283001062198, 76.5224358974359 
m7.npz: 1.4411036513554745, 76.79286858974359 
m8.npz: 1.4600642915719595, 77.04326923076923 
m9.npz: 1.3569890295083706, 78.22516025641026 
m10.npz: 1.3861329677777412, 78.92628205128206 
m11.npz: 1.420679611273301, 78.45552884615384 
m12.npz: 1.4051573196282754, 79.11658653846153 
m13.npz: 1.3234082143276165, 79.42708333333333 
m14.npz: 1.3187591934051268, 79.84775641025641 
m15.npz: 1.4731879360400713, 78.44551282051282 
m16.npz: 1.3870742802436535, 79.3369391025641 
m17.npz: 1.337970563234427, 79.50721153846153 
m18.npz: 1.4574640022638516, 77.80448717948718 
m19.npz: 1.4054447695230827, 79.18669871794872 
m20.npz: 1.486652319247906, 77.8545673076923 
m21.npz: 1.429151570949799, 78.0849358974359 
m22.npz: 1.472793745688903, 77.72435897435898 
m23.npz: 1.4667166765683737, 76.11177884615384 
m24.npz: 1.479520653684934, 77.67427884615384 
m25.npz: 1.4870871672263513, 77.74439102564102 
