m0.npz: 1.3838038042689977, 24.19241573033708 
m1.npz: 1.3202220831024514, 33.181179775280896 
m2.npz: 1.3198426667224155, 39.29073033707865 
m3.npz: 1.3212902894180811, 46.875 
m4.npz: 1.344852918989203, 50.7373595505618 
m5.npz: 1.3443322637107935, 53.616573033707866 
m6.npz: 1.3493242933509055, 46.91011235955056 
m7.npz: 1.3319099016403884, 44.90870786516854 
m8.npz: 1.344729849461759, 43.32865168539326 
m9.npz: 1.3432827652170416, 40.69522471910113 
m10.npz: 1.3314812799518028, 45.049157303370784 
m11.npz: 1.3270344868134916, 44.34691011235955 
m12.npz: 1.2910264087526986, 52.668539325842694 
m13.npz: 1.2877111100078968, 51.860955056179776 
m14.npz: 1.2864701359459523, 53.44101123595506 
m15.npz: 1.215619506460897, 56.741573033707866 
m16.npz: 1.2463008593977167, 53.54634831460674 
m17.npz: 1.1953059019667378, 54.14325842696629 
m18.npz: 1.2380635082051996, 54.52949438202247 
m19.npz: 1.2020094086614888, 55.93398876404494 
m20.npz: 1.2588685590229678, 55.93398876404494 
m21.npz: 1.150336205289605, 58.32162921348315 
m22.npz: 1.206995689467098, 59.41011235955056 
m23.npz: 1.1728878315914884, 60.74438202247191 
m24.npz: 1.2053990725720867, 59.16432584269663 
m25.npz: 1.0970191272456995, 61.7626404494382 
