m0.pt: 2.3066715063192906, 10.857371794871796 
m1.pt: 1.7228818562550423, 59.69551282051282 
m2.pt: 1.146245359037167, 70.32251602564102 
m3.pt: 1.087672223838476, 73.8681891025641 
m4.pt: 1.0461630737170196, 76.27203525641026 
m5.pt: 1.0344718639285138, 77.4639423076923 
m6.pt: 1.0165013946019685, 78.49559294871794 
m7.pt: 1.0776021516858003, 79.14663461538461 
m8.pt: 1.0852455957195697, 79.48717948717949 
m9.pt: 1.0317478265899878, 80.05809294871794 
m10.pt: 0.9777190788434102, 80.53886217948718 
m11.pt: 0.9799558717088822, 81.00961538461539 
m12.pt: 0.9977373301218717, 80.82932692307692 
m13.pt: 1.056559419975831, 80.79927884615384 
m14.pt: 0.9396113631052848, 81.14983974358974 
m15.pt: 0.9470296240387819, 81.90104166666667 
m16.pt: 1.100952889292668, 81.1698717948718 
m17.pt: 1.0113901996459715, 81.81089743589743 
m18.pt: 1.0563901647543297, 81.48036858974359 
m19.pt: 1.0059178888033597, 81.3701923076923 
m20.pt: 1.075159377203538, 81.58052884615384 
m21.pt: 1.0389835895636144, 81.83092948717949 
m22.pt: 1.0826244845222204, 81.92107371794872 
m23.pt: 0.9540142938494682, 82.19150641025641 
m24.pt: 0.9806997863910137, 82.43189102564102 
m25.pt: 1.0406832746588266, 82.26161858974359 
