m0.npz: 2.3015583004706945, 10.06610576923077 
m1.npz: 1.7475387419645603, 55.99959935897436 
m2.npz: 1.2777797111716025, 66.46634615384616 
m3.npz: 1.1630234334331293, 71.65464743589743 
m4.npz: 1.1531787199469714, 73.8681891025641 
m5.npz: 1.1881871758363185, 74.34895833333333 
m6.npz: 1.2040278277336023, 72.98677884615384 
m7.npz: 1.2263541414569585, 73.85817307692308 
m8.npz: 1.1278491402283692, 73.72796474358974 
m9.npz: 1.1297073990870745, 73.56770833333333 
m10.npz: 1.0769728783231516, 73.7479967948718 
m11.npz: 1.0495158365139594, 74.65945512820512 
m12.npz: 1.0659518866584852, 74.39903846153847 
m13.npz: 1.1184968570104012, 74.21875 
m14.npz: 1.1201570123816147, 74.23878205128206 
m15.npz: 1.1088593911666136, 74.70953525641026 
m16.npz: 1.1345169484997406, 74.02844551282051 
m17.npz: 1.13595250974863, 74.28886217948718 
m18.npz: 1.1578172638248174, 74.27884615384616 
m19.npz: 1.2323181627270503, 73.38741987179488 
m20.npz: 1.176489451756844, 73.80809294871794 
m21.npz: 1.2164308327512863, 73.1270032051282 
m22.npz: 1.2278358342173772, 73.10697115384616 
m23.npz: 1.148734993659533, 73.9082532051282 
m24.npz: 1.2148792306200051, 73.01682692307692 
m25.npz: 1.2394540659510171, 72.49599358974359 
m26.npz: 1.1962154052960567, 73.07692307692308 
m27.npz: 1.265740658228214, 72.9266826923077 
m28.npz: 1.260155228468088, 72.82652243589743 
m29.npz: 1.270444572927096, 71.875 
m30.npz: 1.197082257996767, 72.20552884615384 
m31.npz: 1.1527320578312263, 73.09695512820512 
m32.npz: 1.1522163200454834, 73.87820512820512 
m33.npz: 1.0654782605094788, 74.51923076923077 
m34.npz: 1.1313633454533725, 73.54767628205128 
m35.npz: 1.1047175083404932, 73.75801282051282 
m36.npz: 1.117418395403104, 73.72796474358974 
m37.npz: 1.0828033706698663, 73.33733974358974 
m38.npz: 0.984203862838256, 74.67948717948718 
m39.npz: 1.0481912684746277, 74.45913461538461 
m40.npz: 1.044460461498835, 74.11858974358974 
m41.npz: 1.007685783581856, 74.3389423076923 
m42.npz: 1.0033405077381012, 74.70953525641026 
m43.npz: 0.8782332412516459, 76.08173076923077 
m44.npz: 1.00642441958189, 74.76963141025641 
m45.npz: 0.9024235088473711, 75.62099358974359 
m46.npz: 0.9148382508219817, 75.37059294871794 
m47.npz: 0.9082580324357901, 75.41065705128206 
m48.npz: 0.9367643615756279, 75.19030448717949 
m49.npz: 0.8797915039154199, 75.40064102564102 
m50.npz: 0.8707239305934845, 75.5108173076923 
