m0.pt: 2.3122534522643456, 7.461939102564102 
m1.pt: 1.7879909059176078, 55.67908653846154 
m2.pt: 1.2619207633229403, 67.3076923076923 
m3.pt: 1.2214108978708584, 71.94511217948718 
m4.pt: 1.1916636312619233, 73.93830128205128 
m5.pt: 1.1525926013023426, 75.80128205128206 
m6.pt: 1.1551910967398913, 76.78285256410257 
m7.pt: 1.1731176374432368, 77.13341346153847 
m8.pt: 1.0982771584620843, 77.91466346153847 
m9.pt: 1.0893409277002017, 78.60576923076923 
m10.pt: 1.0854886359511278, 78.0448717948718 
m11.pt: 1.036913795539966, 79.69751602564102 
m12.pt: 1.0425905581468191, 79.11658653846153 
m13.pt: 1.046291318268348, 78.68589743589743 
m14.pt: 1.02406080162678, 79.296875 
m15.pt: 1.0155721071820993, 78.30528846153847 
m16.pt: 0.9723206750857525, 77.14342948717949 
m17.pt: 1.077681336647425, 76.76282051282051 
m18.pt: 1.0871288042802076, 77.4639423076923 
m19.pt: 1.1460745630738063, 75.14022435897436 
m20.pt: 1.119072566047693, 76.4423076923077 
m21.pt: 1.1052551785340676, 75.09014423076923 
m22.pt: 1.10556710511446, 75.0801282051282 
m23.pt: 1.1009050353597372, 74.38902243589743 
m24.pt: 1.1151693171033492, 75.44070512820512 
m25.pt: 1.0773949388128061, 76.35216346153847 
m26.pt: 1.177463340644653, 74.36899038461539 
m27.pt: 1.183161018941647, 74.54927884615384 
m28.pt: 1.0669163536184874, 75.09014423076923 
m29.pt: 1.1702208582025309, 75.16025641025641 
m30.pt: 1.149635612582549, 74.77964743589743 
m31.pt: 1.1184934969895926, 74.40905448717949 
m32.pt: 1.0315903333517222, 75.61097756410257 
m33.pt: 1.004630868251507, 75.49078525641026 
m34.pt: 1.0141346618915215, 75.29046474358974 
m35.pt: 1.0065319368090384, 75.0400641025641 
m36.pt: 0.9479309402597256, 75.75120192307692 
m37.pt: 0.992628293350721, 75.53084935897436 
m38.pt: 1.021855122385881, 75.87139423076923 
m39.pt: 0.9760892217357954, 75.14022435897436 
m40.pt: 0.921378605449811, 75.83133012820512 
m41.pt: 0.9616090964812499, 75.60096153846153 
m42.pt: 0.9316923121611277, 75.95152243589743 
m43.pt: 0.8688766671678959, 75.89142628205128 
m44.pt: 0.9101074441121175, 75.75120192307692 
m45.pt: 0.8613367838164171, 75.83133012820512 
m46.pt: 0.8649094624397082, 76.03165064102564 
m47.pt: 0.83574513059396, 76.2520032051282 
m48.pt: 0.8403299694451002, 75.93149038461539 
m49.pt: 0.844153782305045, 76.0516826923077 
m50.pt: 0.8069074349716688, 76.34214743589743 
