m0.pt: 4.606327519967006, 1.0616987179487178 
m1.pt: 3.7281819459719534, 23.287259615384617 
m2.pt: 2.7089337630149646, 31.66065705128205 
m3.pt: 2.5208640033617997, 35.61698717948718 
m4.pt: 2.5205595027177763, 35.60697115384615 
m5.pt: 2.5194904108842215, 35.63701923076923 
m6.pt: 2.5194873943542824, 35.627003205128204 
m7.pt: 2.520653104552856, 35.61698717948718 
m8.pt: 2.521456167483941, 35.5869391025641 
m9.pt: 2.5201580753693213, 35.61698717948718 
m10.pt: 2.5211673932961927, 35.61698717948718 
m11.pt: 2.519734148031626, 35.657051282051285 
m12.pt: 2.5200937512593393, 35.61698717948718 
m13.pt: 2.520814978923553, 35.59695512820513 
m14.pt: 2.521398128989415, 35.59695512820513 
m15.pt: 2.5212036023537316, 35.61698717948718 
m16.pt: 2.5200829888001466, 35.627003205128204 
m17.pt: 2.519695452390573, 35.647035256410255 
m18.pt: 2.5183769021278772, 35.657051282051285 
m19.pt: 2.520921744215183, 35.59695512820513 
m20.pt: 2.520182493023383, 35.627003205128204 
m21.pt: 2.5201433300971985, 35.647035256410255 
m22.pt: 2.5203492565032763, 35.627003205128204 
m23.pt: 2.520504048237434, 35.59695512820513 
m24.pt: 2.5214390754699707, 35.59695512820513 
m25.pt: 2.5195930829414954, 35.63701923076923 
m26.pt: 2.520582615565031, 35.60697115384615 
m27.pt: 2.520416792004536, 35.59695512820513 
m28.pt: 2.51957555497304, 35.647035256410255 
m29.pt: 2.520256127684544, 35.627003205128204 
m30.pt: 2.519446298862115, 35.63701923076923 
m31.pt: 2.5209116435203796, 35.59695512820513 
m32.pt: 2.5205010034334965, 35.63701923076923 
m33.pt: 2.520490499261098, 35.61698717948718 
m34.pt: 2.519702684420806, 35.647035256410255 
m35.pt: 2.520806602560557, 35.61698717948718 
m36.pt: 2.5213169344724755, 35.61698717948718 
m37.pt: 2.5202547754996862, 35.63701923076923 
m38.pt: 2.521521869760293, 35.60697115384615 
m39.pt: 2.520235762382165, 35.61698717948718 
m40.pt: 2.520060262618921, 35.627003205128204 
m41.pt: 2.520418023451781, 35.647035256410255 
m42.pt: 2.519903669754664, 35.63701923076923 
m43.pt: 2.5202698153563037, 35.63701923076923 
m44.pt: 2.520076339825606, 35.627003205128204 
m45.pt: 2.52134716243316, 35.60697115384615 
m46.pt: 2.519763720341218, 35.63701923076923 
m47.pt: 2.5204980973249826, 35.59695512820513 
m48.pt: 2.520999530569101, 35.61698717948718 
m49.pt: 2.5204926897317934, 35.60697115384615 
m50.pt: 2.520938364359049, 35.5869391025641 
